source,destination,timestamp
productpage-v1,details-v1,2024-03-05 14:04:00
ratings-v1-5b6b66f9b5-n4ddg,izbp16opgy3xucvexwqp9dz,2024-03-05 14:04:00
reviews-v3-5fd56449d8-tv4wp,izbp16opgy3xucvexwqp9dz,2024-03-05 14:04:00
productpage-v1,reviews-v3,2024-03-05 14:04:00
productpage-v1,reviews-v2,2024-03-05 14:04:00
details-v1-b788479c5-bbg6t,izbp1gwb52uyj3g0wn52lfz,2024-03-05 14:04:00
productpage-v1,reviews-v1,2024-03-05 14:04:00
productpage-v1-7fb564989f-hm9g2,izbp1gwb52uyj3g0wn52lfz,2024-03-05 14:04:00
reviews-v3,ratings-v1,2024-03-05 14:04:00
reviews-v2,ratings-v1,2024-03-05 14:04:00
reviews-v2-6ccf99c555-fqvhb,izbp1gwb52uyj3g0wn52lez,2024-03-05 14:04:00
istio-ingressgateway,productpage-v1,2024-03-05 14:04:00
reviews-v1-7b76c4f45d-x9mxc,izbp16opgy3xucvexwqp9dz,2024-03-05 14:04:00
reviews-v2-6ccf99c555-fqvhb,izbp1gwb52uyj3g0wn52lez,2024-03-05 14:04:05
productpage-v1,reviews-v1,2024-03-05 14:04:05
productpage-v1-7fb564989f-hm9g2,izbp1gwb52uyj3g0wn52lfz,2024-03-05 14:04:05
reviews-v3-5fd56449d8-tv4wp,izbp16opgy3xucvexwqp9dz,2024-03-05 14:04:05
productpage-v1,details-v1,2024-03-05 14:04:05
ratings-v1-5b6b66f9b5-n4ddg,izbp16opgy3xucvexwqp9dz,2024-03-05 14:04:05
istio-ingressgateway,productpage-v1,2024-03-05 14:04:05
productpage-v1,reviews-v3,2024-03-05 14:04:05
details-v1-b788479c5-bbg6t,izbp1gwb52uyj3g0wn52lfz,2024-03-05 14:04:05
reviews-v3,ratings-v1,2024-03-05 14:04:05
reviews-v1-7b76c4f45d-x9mxc,izbp16opgy3xucvexwqp9dz,2024-03-05 14:04:05
productpage-v1,reviews-v2,2024-03-05 14:04:05
reviews-v2,ratings-v1,2024-03-05 14:04:05
reviews-v3,ratings-v1,2024-03-05 14:04:10
productpage-v1,reviews-v1,2024-03-05 14:04:10
reviews-v1-7b76c4f45d-x9mxc,izbp16opgy3xucvexwqp9dz,2024-03-05 14:04:10
productpage-v1-7fb564989f-hm9g2,izbp1gwb52uyj3g0wn52lfz,2024-03-05 14:04:10
reviews-v3-5fd56449d8-tv4wp,izbp16opgy3xucvexwqp9dz,2024-03-05 14:04:10
reviews-v2-6ccf99c555-fqvhb,izbp1gwb52uyj3g0wn52lez,2024-03-05 14:04:10
productpage-v1,details-v1,2024-03-05 14:04:10
reviews-v2,ratings-v1,2024-03-05 14:04:10
ratings-v1-5b6b66f9b5-n4ddg,izbp16opgy3xucvexwqp9dz,2024-03-05 14:04:10
productpage-v1,reviews-v2,2024-03-05 14:04:10
productpage-v1,reviews-v3,2024-03-05 14:04:10
istio-ingressgateway,productpage-v1,2024-03-05 14:04:10
details-v1-b788479c5-bbg6t,izbp1gwb52uyj3g0wn52lfz,2024-03-05 14:04:10
reviews-v2,ratings-v1,2024-03-05 14:04:15
istio-ingressgateway,productpage-v1,2024-03-05 14:04:15
productpage-v1,details-v1,2024-03-05 14:04:15
reviews-v3-5fd56449d8-tv4wp,izbp16opgy3xucvexwqp9dz,2024-03-05 14:04:15
productpage-v1,reviews-v2,2024-03-05 14:04:15
reviews-v2-6ccf99c555-fqvhb,izbp1gwb52uyj3g0wn52lez,2024-03-05 14:04:15
productpage-v1,reviews-v3,2024-03-05 14:04:15
ratings-v1-5b6b66f9b5-n4ddg,izbp16opgy3xucvexwqp9dz,2024-03-05 14:04:15
details-v1-b788479c5-bbg6t,izbp1gwb52uyj3g0wn52lfz,2024-03-05 14:04:15
productpage-v1-7fb564989f-hm9g2,izbp1gwb52uyj3g0wn52lfz,2024-03-05 14:04:15
reviews-v1-7b76c4f45d-x9mxc,izbp16opgy3xucvexwqp9dz,2024-03-05 14:04:15
productpage-v1,reviews-v1,2024-03-05 14:04:15
reviews-v3,ratings-v1,2024-03-05 14:04:15
details-v1-b788479c5-bbg6t,izbp1gwb52uyj3g0wn52lfz,2024-03-05 14:04:20
productpage-v1,details-v1,2024-03-05 14:04:20
productpage-v1,reviews-v3,2024-03-05 14:04:20
reviews-v3-5fd56449d8-tv4wp,izbp16opgy3xucvexwqp9dz,2024-03-05 14:04:20
productpage-v1,reviews-v1,2024-03-05 14:04:20
productpage-v1-7fb564989f-hm9g2,izbp1gwb52uyj3g0wn52lfz,2024-03-05 14:04:20
reviews-v2-6ccf99c555-fqvhb,izbp1gwb52uyj3g0wn52lez,2024-03-05 14:04:20
ratings-v1-5b6b66f9b5-n4ddg,izbp16opgy3xucvexwqp9dz,2024-03-05 14:04:20
istio-ingressgateway,productpage-v1,2024-03-05 14:04:20
reviews-v3,ratings-v1,2024-03-05 14:04:20
reviews-v2,ratings-v1,2024-03-05 14:04:20
reviews-v1-7b76c4f45d-x9mxc,izbp16opgy3xucvexwqp9dz,2024-03-05 14:04:20
productpage-v1,reviews-v2,2024-03-05 14:04:20
details-v1-b788479c5-bbg6t,izbp1gwb52uyj3g0wn52lfz,2024-03-05 14:04:25
productpage-v1-7fb564989f-hm9g2,izbp1gwb52uyj3g0wn52lfz,2024-03-05 14:04:25
istio-ingressgateway,productpage-v1,2024-03-05 14:04:25
reviews-v3,ratings-v1,2024-03-05 14:04:25
productpage-v1,details-v1,2024-03-05 14:04:25
reviews-v2,ratings-v1,2024-03-05 14:04:25
reviews-v2-6ccf99c555-fqvhb,izbp1gwb52uyj3g0wn52lez,2024-03-05 14:04:25
productpage-v1,reviews-v1,2024-03-05 14:04:25
reviews-v1-7b76c4f45d-x9mxc,izbp16opgy3xucvexwqp9dz,2024-03-05 14:04:25
productpage-v1,reviews-v2,2024-03-05 14:04:25
reviews-v3-5fd56449d8-tv4wp,izbp16opgy3xucvexwqp9dz,2024-03-05 14:04:25
productpage-v1,reviews-v3,2024-03-05 14:04:25
ratings-v1-5b6b66f9b5-n4ddg,izbp16opgy3xucvexwqp9dz,2024-03-05 14:04:25
productpage-v1,reviews-v2,2024-03-05 14:04:30
productpage-v1,reviews-v1,2024-03-05 14:04:30
productpage-v1-7fb564989f-hm9g2,izbp1gwb52uyj3g0wn52lfz,2024-03-05 14:04:30
reviews-v3-5fd56449d8-tv4wp,izbp16opgy3xucvexwqp9dz,2024-03-05 14:04:30
ratings-v1-5b6b66f9b5-n4ddg,izbp16opgy3xucvexwqp9dz,2024-03-05 14:04:30
productpage-v1,details-v1,2024-03-05 14:04:30
istio-ingressgateway,productpage-v1,2024-03-05 14:04:30
details-v1-b788479c5-bbg6t,izbp1gwb52uyj3g0wn52lfz,2024-03-05 14:04:30
reviews-v3,ratings-v1,2024-03-05 14:04:30
productpage-v1,reviews-v3,2024-03-05 14:04:30
reviews-v2-6ccf99c555-fqvhb,izbp1gwb52uyj3g0wn52lez,2024-03-05 14:04:30
reviews-v2,ratings-v1,2024-03-05 14:04:30
reviews-v1-7b76c4f45d-x9mxc,izbp16opgy3xucvexwqp9dz,2024-03-05 14:04:30
istio-ingressgateway,productpage-v1,2024-03-05 14:04:35
ratings-v1-5b6b66f9b5-n4ddg,izbp16opgy3xucvexwqp9dz,2024-03-05 14:04:35
reviews-v2,ratings-v1,2024-03-05 14:04:35
productpage-v1-7fb564989f-hm9g2,izbp1gwb52uyj3g0wn52lfz,2024-03-05 14:04:35
reviews-v1-7b76c4f45d-x9mxc,izbp16opgy3xucvexwqp9dz,2024-03-05 14:04:35
reviews-v3-5fd56449d8-tv4wp,izbp16opgy3xucvexwqp9dz,2024-03-05 14:04:35
productpage-v1,details-v1,2024-03-05 14:04:35
reviews-v3,ratings-v1,2024-03-05 14:04:35
reviews-v2-6ccf99c555-fqvhb,izbp1gwb52uyj3g0wn52lez,2024-03-05 14:04:35
details-v1-b788479c5-bbg6t,izbp1gwb52uyj3g0wn52lfz,2024-03-05 14:04:35
productpage-v1,reviews-v2,2024-03-05 14:04:35
productpage-v1,reviews-v3,2024-03-05 14:04:35
productpage-v1,reviews-v1,2024-03-05 14:04:35
reviews-v2-6ccf99c555-fqvhb,izbp1gwb52uyj3g0wn52lez,2024-03-05 14:04:40
productpage-v1,reviews-v2,2024-03-05 14:04:40
reviews-v1-7b76c4f45d-x9mxc,izbp16opgy3xucvexwqp9dz,2024-03-05 14:04:40
reviews-v2,ratings-v1,2024-03-05 14:04:40
productpage-v1,details-v1,2024-03-05 14:04:40
istio-ingressgateway,productpage-v1,2024-03-05 14:04:40
ratings-v1-5b6b66f9b5-n4ddg,izbp16opgy3xucvexwqp9dz,2024-03-05 14:04:40
reviews-v3,ratings-v1,2024-03-05 14:04:40
productpage-v1,reviews-v3,2024-03-05 14:04:40
details-v1-b788479c5-bbg6t,izbp1gwb52uyj3g0wn52lfz,2024-03-05 14:04:40
reviews-v3-5fd56449d8-tv4wp,izbp16opgy3xucvexwqp9dz,2024-03-05 14:04:40
productpage-v1,reviews-v1,2024-03-05 14:04:40
productpage-v1-7fb564989f-hm9g2,izbp1gwb52uyj3g0wn52lfz,2024-03-05 14:04:40
reviews-v3-5fd56449d8-tv4wp,izbp16opgy3xucvexwqp9dz,2024-03-05 14:04:45
istio-ingressgateway,productpage-v1,2024-03-05 14:04:45
reviews-v2,ratings-v1,2024-03-05 14:04:45
details-v1-b788479c5-bbg6t,izbp1gwb52uyj3g0wn52lfz,2024-03-05 14:04:45
ratings-v1-5b6b66f9b5-n4ddg,izbp16opgy3xucvexwqp9dz,2024-03-05 14:04:45
productpage-v1,reviews-v1,2024-03-05 14:04:45
reviews-v2-6ccf99c555-fqvhb,izbp1gwb52uyj3g0wn52lez,2024-03-05 14:04:45
reviews-v1-7b76c4f45d-x9mxc,izbp16opgy3xucvexwqp9dz,2024-03-05 14:04:45
productpage-v1,reviews-v2,2024-03-05 14:04:45
reviews-v3,ratings-v1,2024-03-05 14:04:45
productpage-v1,reviews-v3,2024-03-05 14:04:45
productpage-v1-7fb564989f-hm9g2,izbp1gwb52uyj3g0wn52lfz,2024-03-05 14:04:45
productpage-v1,details-v1,2024-03-05 14:04:45
reviews-v2-6ccf99c555-fqvhb,izbp1gwb52uyj3g0wn52lez,2024-03-05 14:04:50
productpage-v1,reviews-v3,2024-03-05 14:04:50
reviews-v2,ratings-v1,2024-03-05 14:04:50
reviews-v1-7b76c4f45d-x9mxc,izbp16opgy3xucvexwqp9dz,2024-03-05 14:04:50
productpage-v1,reviews-v2,2024-03-05 14:04:50
reviews-v3-5fd56449d8-tv4wp,izbp16opgy3xucvexwqp9dz,2024-03-05 14:04:50
productpage-v1,reviews-v1,2024-03-05 14:04:50
ratings-v1-5b6b66f9b5-n4ddg,izbp16opgy3xucvexwqp9dz,2024-03-05 14:04:50
productpage-v1-7fb564989f-hm9g2,izbp1gwb52uyj3g0wn52lfz,2024-03-05 14:04:50
productpage-v1,details-v1,2024-03-05 14:04:50
reviews-v3,ratings-v1,2024-03-05 14:04:50
istio-ingressgateway,productpage-v1,2024-03-05 14:04:50
details-v1-b788479c5-bbg6t,izbp1gwb52uyj3g0wn52lfz,2024-03-05 14:04:50
productpage-v1,reviews-v1,2024-03-05 14:04:55
reviews-v3,ratings-v1,2024-03-05 14:04:55
productpage-v1,details-v1,2024-03-05 14:04:55
reviews-v3-5fd56449d8-tv4wp,izbp16opgy3xucvexwqp9dz,2024-03-05 14:04:55
reviews-v2-6ccf99c555-fqvhb,izbp1gwb52uyj3g0wn52lez,2024-03-05 14:04:55
productpage-v1,reviews-v2,2024-03-05 14:04:55
ratings-v1-5b6b66f9b5-n4ddg,izbp16opgy3xucvexwqp9dz,2024-03-05 14:04:55
productpage-v1,reviews-v3,2024-03-05 14:04:55
reviews-v2,ratings-v1,2024-03-05 14:04:55
istio-ingressgateway,productpage-v1,2024-03-05 14:04:55
reviews-v1-7b76c4f45d-x9mxc,izbp16opgy3xucvexwqp9dz,2024-03-05 14:04:55
details-v1-b788479c5-bbg6t,izbp1gwb52uyj3g0wn52lfz,2024-03-05 14:04:55
productpage-v1-7fb564989f-hm9g2,izbp1gwb52uyj3g0wn52lfz,2024-03-05 14:04:55
details-v1-b788479c5-bbg6t,izbp1gwb52uyj3g0wn52lfz,2024-03-05 14:05:00
reviews-v3,ratings-v1,2024-03-05 14:05:00
productpage-v1-7fb564989f-hm9g2,izbp1gwb52uyj3g0wn52lfz,2024-03-05 14:05:00
productpage-v1,details-v1,2024-03-05 14:05:00
productpage-v1,reviews-v2,2024-03-05 14:05:00
productpage-v1,reviews-v3,2024-03-05 14:05:00
reviews-v3-5fd56449d8-tv4wp,izbp16opgy3xucvexwqp9dz,2024-03-05 14:05:00
ratings-v1-5b6b66f9b5-n4ddg,izbp16opgy3xucvexwqp9dz,2024-03-05 14:05:00
reviews-v1-7b76c4f45d-x9mxc,izbp16opgy3xucvexwqp9dz,2024-03-05 14:05:00
reviews-v2,ratings-v1,2024-03-05 14:05:00
reviews-v2-6ccf99c555-fqvhb,izbp1gwb52uyj3g0wn52lez,2024-03-05 14:05:00
productpage-v1,reviews-v1,2024-03-05 14:05:00
istio-ingressgateway,productpage-v1,2024-03-05 14:05:00
productpage-v1,details-v1,2024-03-05 14:05:05
reviews-v3-5fd56449d8-tv4wp,izbp16opgy3xucvexwqp9dz,2024-03-05 14:05:05
productpage-v1,reviews-v1,2024-03-05 14:05:05
productpage-v1-7fb564989f-hm9g2,izbp1gwb52uyj3g0wn52lfz,2024-03-05 14:05:05
reviews-v2-6ccf99c555-fqvhb,izbp1gwb52uyj3g0wn52lez,2024-03-05 14:05:05
details-v1-b788479c5-bbg6t,izbp1gwb52uyj3g0wn52lfz,2024-03-05 14:05:05
productpage-v1,reviews-v2,2024-03-05 14:05:05
istio-ingressgateway,productpage-v1,2024-03-05 14:05:05
reviews-v3,ratings-v1,2024-03-05 14:05:05
reviews-v2,ratings-v1,2024-03-05 14:05:05
reviews-v1-7b76c4f45d-x9mxc,izbp16opgy3xucvexwqp9dz,2024-03-05 14:05:05
ratings-v1-5b6b66f9b5-n4ddg,izbp16opgy3xucvexwqp9dz,2024-03-05 14:05:05
productpage-v1,reviews-v3,2024-03-05 14:05:05
productpage-v1-7fb564989f-hm9g2,izbp1gwb52uyj3g0wn52lfz,2024-03-05 14:05:10
productpage-v1,reviews-v2,2024-03-05 14:05:10
ratings-v1-5b6b66f9b5-n4ddg,izbp16opgy3xucvexwqp9dz,2024-03-05 14:05:10
reviews-v2-6ccf99c555-fqvhb,izbp1gwb52uyj3g0wn52lez,2024-03-05 14:05:10
istio-ingressgateway,productpage-v1,2024-03-05 14:05:10
productpage-v1,reviews-v3,2024-03-05 14:05:10
details-v1-b788479c5-bbg6t,izbp1gwb52uyj3g0wn52lfz,2024-03-05 14:05:10
reviews-v1-7b76c4f45d-x9mxc,izbp16opgy3xucvexwqp9dz,2024-03-05 14:05:10
productpage-v1,reviews-v1,2024-03-05 14:05:10
reviews-v2,ratings-v1,2024-03-05 14:05:10
reviews-v3-5fd56449d8-tv4wp,izbp16opgy3xucvexwqp9dz,2024-03-05 14:05:10
productpage-v1,details-v1,2024-03-05 14:05:10
reviews-v3,ratings-v1,2024-03-05 14:05:10
reviews-v3-5fd56449d8-tv4wp,izbp16opgy3xucvexwqp9dz,2024-03-05 14:05:15
productpage-v1,details-v1,2024-03-05 14:05:15
productpage-v1,reviews-v1,2024-03-05 14:05:15
reviews-v2-6ccf99c555-fqvhb,izbp1gwb52uyj3g0wn52lez,2024-03-05 14:05:15
details-v1-b788479c5-bbg6t,izbp1gwb52uyj3g0wn52lfz,2024-03-05 14:05:15
ratings-v1-5b6b66f9b5-n4ddg,izbp16opgy3xucvexwqp9dz,2024-03-05 14:05:15
productpage-v1,reviews-v3,2024-03-05 14:05:15
productpage-v1,reviews-v2,2024-03-05 14:05:15
productpage-v1-7fb564989f-hm9g2,izbp1gwb52uyj3g0wn52lfz,2024-03-05 14:05:15
reviews-v1-7b76c4f45d-x9mxc,izbp16opgy3xucvexwqp9dz,2024-03-05 14:05:15
reviews-v2,ratings-v1,2024-03-05 14:05:15
istio-ingressgateway,productpage-v1,2024-03-05 14:05:15
reviews-v3,ratings-v1,2024-03-05 14:05:15
reviews-v3,ratings-v1,2024-03-05 14:05:20
ratings-v1-5b6b66f9b5-n4ddg,izbp16opgy3xucvexwqp9dz,2024-03-05 14:05:20
productpage-v1,reviews-v1,2024-03-05 14:05:20
reviews-v1-7b76c4f45d-x9mxc,izbp16opgy3xucvexwqp9dz,2024-03-05 14:05:20
reviews-v2,ratings-v1,2024-03-05 14:05:20
productpage-v1,details-v1,2024-03-05 14:05:20
productpage-v1,reviews-v3,2024-03-05 14:05:20
reviews-v3-5fd56449d8-tv4wp,izbp16opgy3xucvexwqp9dz,2024-03-05 14:05:20
istio-ingressgateway,productpage-v1,2024-03-05 14:05:20
reviews-v2-6ccf99c555-fqvhb,izbp1gwb52uyj3g0wn52lez,2024-03-05 14:05:20
details-v1-b788479c5-bbg6t,izbp1gwb52uyj3g0wn52lfz,2024-03-05 14:05:20
productpage-v1,reviews-v2,2024-03-05 14:05:20
productpage-v1-7fb564989f-hm9g2,izbp1gwb52uyj3g0wn52lfz,2024-03-05 14:05:20
productpage-v1,reviews-v3,2024-03-05 14:05:25
reviews-v2,ratings-v1,2024-03-05 14:05:25
reviews-v3-5fd56449d8-tv4wp,izbp16opgy3xucvexwqp9dz,2024-03-05 14:05:25
productpage-v1,reviews-v1,2024-03-05 14:05:25
details-v1-b788479c5-bbg6t,izbp1gwb52uyj3g0wn52lfz,2024-03-05 14:05:25
productpage-v1,reviews-v2,2024-03-05 14:05:25
ratings-v1-5b6b66f9b5-n4ddg,izbp16opgy3xucvexwqp9dz,2024-03-05 14:05:25
productpage-v1,details-v1,2024-03-05 14:05:25
reviews-v3,ratings-v1,2024-03-05 14:05:25
reviews-v1-7b76c4f45d-x9mxc,izbp16opgy3xucvexwqp9dz,2024-03-05 14:05:25
istio-ingressgateway,productpage-v1,2024-03-05 14:05:25
reviews-v2-6ccf99c555-fqvhb,izbp1gwb52uyj3g0wn52lez,2024-03-05 14:05:25
productpage-v1-7fb564989f-hm9g2,izbp1gwb52uyj3g0wn52lfz,2024-03-05 14:05:25
ratings-v1-5b6b66f9b5-n4ddg,izbp16opgy3xucvexwqp9dz,2024-03-05 14:05:30
productpage-v1,reviews-v3,2024-03-05 14:05:30
productpage-v1,details-v1,2024-03-05 14:05:30
productpage-v1,reviews-v2,2024-03-05 14:05:30
reviews-v3,ratings-v1,2024-03-05 14:05:30
reviews-v2,ratings-v1,2024-03-05 14:05:30
reviews-v1-7b76c4f45d-x9mxc,izbp16opgy3xucvexwqp9dz,2024-03-05 14:05:30
productpage-v1-7fb564989f-hm9g2,izbp1gwb52uyj3g0wn52lfz,2024-03-05 14:05:30
reviews-v2-6ccf99c555-fqvhb,izbp1gwb52uyj3g0wn52lez,2024-03-05 14:05:30
details-v1-b788479c5-bbg6t,izbp1gwb52uyj3g0wn52lfz,2024-03-05 14:05:30
istio-ingressgateway,productpage-v1,2024-03-05 14:05:30
reviews-v3-5fd56449d8-tv4wp,izbp16opgy3xucvexwqp9dz,2024-03-05 14:05:30
productpage-v1,reviews-v1,2024-03-05 14:05:30
reviews-v2,ratings-v1,2024-03-05 14:05:35
details-v1-b788479c5-bbg6t,izbp1gwb52uyj3g0wn52lfz,2024-03-05 14:05:35
reviews-v3,ratings-v1,2024-03-05 14:05:35
ratings-v1-5b6b66f9b5-n4ddg,izbp16opgy3xucvexwqp9dz,2024-03-05 14:05:35
productpage-v1,details-v1,2024-03-05 14:05:35
reviews-v1-7b76c4f45d-x9mxc,izbp16opgy3xucvexwqp9dz,2024-03-05 14:05:35
productpage-v1,reviews-v1,2024-03-05 14:05:35
istio-ingressgateway,productpage-v1,2024-03-05 14:05:35
reviews-v3-5fd56449d8-tv4wp,izbp16opgy3xucvexwqp9dz,2024-03-05 14:05:35
productpage-v1-7fb564989f-hm9g2,izbp1gwb52uyj3g0wn52lfz,2024-03-05 14:05:35
reviews-v2-6ccf99c555-fqvhb,izbp1gwb52uyj3g0wn52lez,2024-03-05 14:05:35
productpage-v1,reviews-v3,2024-03-05 14:05:35
productpage-v1,reviews-v2,2024-03-05 14:05:35
productpage-v1,reviews-v2,2024-03-05 14:05:40
productpage-v1,reviews-v1,2024-03-05 14:05:40
productpage-v1,details-v1,2024-03-05 14:05:40
productpage-v1,reviews-v3,2024-03-05 14:05:40
reviews-v3-5fd56449d8-tv4wp,izbp16opgy3xucvexwqp9dz,2024-03-05 14:05:40
reviews-v2,ratings-v1,2024-03-05 14:05:40
details-v1-b788479c5-bbg6t,izbp1gwb52uyj3g0wn52lfz,2024-03-05 14:05:40
ratings-v1-5b6b66f9b5-n4ddg,izbp16opgy3xucvexwqp9dz,2024-03-05 14:05:40
reviews-v1-7b76c4f45d-x9mxc,izbp16opgy3xucvexwqp9dz,2024-03-05 14:05:40
istio-ingressgateway,productpage-v1,2024-03-05 14:05:40
productpage-v1-7fb564989f-hm9g2,izbp1gwb52uyj3g0wn52lfz,2024-03-05 14:05:40
reviews-v3,ratings-v1,2024-03-05 14:05:40
reviews-v2-6ccf99c555-fqvhb,izbp1gwb52uyj3g0wn52lez,2024-03-05 14:05:40
details-v1-b788479c5-bbg6t,izbp1gwb52uyj3g0wn52lfz,2024-03-05 14:05:45
productpage-v1,reviews-v2,2024-03-05 14:05:45
productpage-v1-7fb564989f-hm9g2,izbp1gwb52uyj3g0wn52lfz,2024-03-05 14:05:45
productpage-v1,reviews-v1,2024-03-05 14:05:45
productpage-v1,reviews-v3,2024-03-05 14:05:45
reviews-v3,ratings-v1,2024-03-05 14:05:45
reviews-v2-6ccf99c555-fqvhb,izbp1gwb52uyj3g0wn52lez,2024-03-05 14:05:45
productpage-v1,details-v1,2024-03-05 14:05:45
istio-ingressgateway,productpage-v1,2024-03-05 14:05:45
ratings-v1-5b6b66f9b5-n4ddg,izbp16opgy3xucvexwqp9dz,2024-03-05 14:05:45
reviews-v1-7b76c4f45d-x9mxc,izbp16opgy3xucvexwqp9dz,2024-03-05 14:05:45
reviews-v2,ratings-v1,2024-03-05 14:05:45
reviews-v3-5fd56449d8-tv4wp,izbp16opgy3xucvexwqp9dz,2024-03-05 14:05:45
reviews-v2,ratings-v1,2024-03-05 14:05:50
reviews-v2-6ccf99c555-fqvhb,izbp1gwb52uyj3g0wn52lez,2024-03-05 14:05:50
reviews-v3-5fd56449d8-tv4wp,izbp16opgy3xucvexwqp9dz,2024-03-05 14:05:50
istio-ingressgateway,productpage-v1,2024-03-05 14:05:50
productpage-v1,reviews-v2,2024-03-05 14:05:50
details-v1-b788479c5-bbg6t,izbp1gwb52uyj3g0wn52lfz,2024-03-05 14:05:50
productpage-v1-7fb564989f-hm9g2,izbp1gwb52uyj3g0wn52lfz,2024-03-05 14:05:50
reviews-v1-7b76c4f45d-x9mxc,izbp16opgy3xucvexwqp9dz,2024-03-05 14:05:50
productpage-v1,reviews-v1,2024-03-05 14:05:50
productpage-v1,reviews-v3,2024-03-05 14:05:50
reviews-v3,ratings-v1,2024-03-05 14:05:50
productpage-v1,details-v1,2024-03-05 14:05:50
ratings-v1-5b6b66f9b5-n4ddg,izbp16opgy3xucvexwqp9dz,2024-03-05 14:05:50
productpage-v1,reviews-v3,2024-03-05 14:05:55
istio-ingressgateway,productpage-v1,2024-03-05 14:05:55
productpage-v1,details-v1,2024-03-05 14:05:55
productpage-v1,reviews-v1,2024-03-05 14:05:55
reviews-v2,ratings-v1,2024-03-05 14:05:55
ratings-v1-5b6b66f9b5-n4ddg,izbp16opgy3xucvexwqp9dz,2024-03-05 14:05:55
reviews-v2-6ccf99c555-fqvhb,izbp1gwb52uyj3g0wn52lez,2024-03-05 14:05:55
reviews-v1-7b76c4f45d-x9mxc,izbp16opgy3xucvexwqp9dz,2024-03-05 14:05:55
productpage-v1,reviews-v2,2024-03-05 14:05:55
productpage-v1-7fb564989f-hm9g2,izbp1gwb52uyj3g0wn52lfz,2024-03-05 14:05:55
reviews-v3-5fd56449d8-tv4wp,izbp16opgy3xucvexwqp9dz,2024-03-05 14:05:55
reviews-v3,ratings-v1,2024-03-05 14:05:55
details-v1-b788479c5-bbg6t,izbp1gwb52uyj3g0wn52lfz,2024-03-05 14:05:55
productpage-v1-7fb564989f-hm9g2,izbp1gwb52uyj3g0wn52lfz,2024-03-05 14:06:00
details-v1-b788479c5-bbg6t,izbp1gwb52uyj3g0wn52lfz,2024-03-05 14:06:00
ratings-v1-5b6b66f9b5-n4ddg,izbp16opgy3xucvexwqp9dz,2024-03-05 14:06:00
productpage-v1,reviews-v1,2024-03-05 14:06:00
istio-ingressgateway,productpage-v1,2024-03-05 14:06:00
reviews-v2,ratings-v1,2024-03-05 14:06:00
productpage-v1,reviews-v2,2024-03-05 14:06:00
reviews-v2-6ccf99c555-fqvhb,izbp1gwb52uyj3g0wn52lez,2024-03-05 14:06:00
reviews-v1-7b76c4f45d-x9mxc,izbp16opgy3xucvexwqp9dz,2024-03-05 14:06:00
reviews-v3,ratings-v1,2024-03-05 14:06:00
reviews-v3-5fd56449d8-tv4wp,izbp16opgy3xucvexwqp9dz,2024-03-05 14:06:00
productpage-v1,details-v1,2024-03-05 14:06:00
productpage-v1,reviews-v3,2024-03-05 14:06:00
reviews-v2-6ccf99c555-fqvhb,izbp1gwb52uyj3g0wn52lez,2024-03-05 14:06:05
reviews-v1-7b76c4f45d-x9mxc,izbp16opgy3xucvexwqp9dz,2024-03-05 14:06:05
productpage-v1-7fb564989f-hm9g2,izbp1gwb52uyj3g0wn52lfz,2024-03-05 14:06:05
reviews-v3,ratings-v1,2024-03-05 14:06:05
productpage-v1,details-v1,2024-03-05 14:06:05
ratings-v1-5b6b66f9b5-n4ddg,izbp16opgy3xucvexwqp9dz,2024-03-05 14:06:05
productpage-v1,reviews-v3,2024-03-05 14:06:05
productpage-v1,reviews-v1,2024-03-05 14:06:05
istio-ingressgateway,productpage-v1,2024-03-05 14:06:05
reviews-v3-5fd56449d8-tv4wp,izbp16opgy3xucvexwqp9dz,2024-03-05 14:06:05
productpage-v1,reviews-v2,2024-03-05 14:06:05
reviews-v2,ratings-v1,2024-03-05 14:06:05
details-v1-b788479c5-bbg6t,izbp1gwb52uyj3g0wn52lfz,2024-03-05 14:06:05
reviews-v3-5fd56449d8-tv4wp,izbp16opgy3xucvexwqp9dz,2024-03-05 14:06:10
reviews-v2,ratings-v1,2024-03-05 14:06:10
reviews-v3,ratings-v1,2024-03-05 14:06:10
reviews-v1-7b76c4f45d-x9mxc,izbp16opgy3xucvexwqp9dz,2024-03-05 14:06:10
reviews-v2-6ccf99c555-fqvhb,izbp1gwb52uyj3g0wn52lez,2024-03-05 14:06:10
productpage-v1,reviews-v2,2024-03-05 14:06:10
productpage-v1,reviews-v3,2024-03-05 14:06:10
istio-ingressgateway,productpage-v1,2024-03-05 14:06:10
ratings-v1-5b6b66f9b5-n4ddg,izbp16opgy3xucvexwqp9dz,2024-03-05 14:06:10
productpage-v1-7fb564989f-hm9g2,izbp1gwb52uyj3g0wn52lfz,2024-03-05 14:06:10
productpage-v1,reviews-v1,2024-03-05 14:06:10
productpage-v1,details-v1,2024-03-05 14:06:10
details-v1-b788479c5-bbg6t,izbp1gwb52uyj3g0wn52lfz,2024-03-05 14:06:10
productpage-v1-7fb564989f-hm9g2,izbp1gwb52uyj3g0wn52lfz,2024-03-05 14:06:15
ratings-v1-5b6b66f9b5-n4ddg,izbp16opgy3xucvexwqp9dz,2024-03-05 14:06:15
reviews-v2-6ccf99c555-fqvhb,izbp1gwb52uyj3g0wn52lez,2024-03-05 14:06:15
reviews-v2,ratings-v1,2024-03-05 14:06:15
productpage-v1,reviews-v2,2024-03-05 14:06:15
details-v1-b788479c5-bbg6t,izbp1gwb52uyj3g0wn52lfz,2024-03-05 14:06:15
istio-ingressgateway,productpage-v1,2024-03-05 14:06:15
reviews-v1-7b76c4f45d-x9mxc,izbp16opgy3xucvexwqp9dz,2024-03-05 14:06:15
productpage-v1,reviews-v1,2024-03-05 14:06:15
reviews-v3-5fd56449d8-tv4wp,izbp16opgy3xucvexwqp9dz,2024-03-05 14:06:15
productpage-v1,reviews-v3,2024-03-05 14:06:15
reviews-v3,ratings-v1,2024-03-05 14:06:15
productpage-v1,details-v1,2024-03-05 14:06:15
reviews-v3-5fd56449d8-tv4wp,izbp16opgy3xucvexwqp9dz,2024-03-05 14:06:20
productpage-v1,details-v1,2024-03-05 14:06:20
productpage-v1,reviews-v2,2024-03-05 14:06:20
reviews-v2,ratings-v1,2024-03-05 14:06:20
ratings-v1-5b6b66f9b5-n4ddg,izbp16opgy3xucvexwqp9dz,2024-03-05 14:06:20
productpage-v1-7fb564989f-hm9g2,izbp1gwb52uyj3g0wn52lfz,2024-03-05 14:06:20
reviews-v2-6ccf99c555-fqvhb,izbp1gwb52uyj3g0wn52lez,2024-03-05 14:06:20
productpage-v1,reviews-v1,2024-03-05 14:06:20
details-v1-b788479c5-bbg6t,izbp1gwb52uyj3g0wn52lfz,2024-03-05 14:06:20
istio-ingressgateway,productpage-v1,2024-03-05 14:06:20
reviews-v1-7b76c4f45d-x9mxc,izbp16opgy3xucvexwqp9dz,2024-03-05 14:06:20
reviews-v3,ratings-v1,2024-03-05 14:06:20
productpage-v1,reviews-v3,2024-03-05 14:06:20
productpage-v1,reviews-v2,2024-03-05 14:06:25
reviews-v3-5fd56449d8-tv4wp,izbp16opgy3xucvexwqp9dz,2024-03-05 14:06:25
productpage-v1,reviews-v1,2024-03-05 14:06:25
productpage-v1,details-v1,2024-03-05 14:06:25
reviews-v3,ratings-v1,2024-03-05 14:06:25
reviews-v1-7b76c4f45d-x9mxc,izbp16opgy3xucvexwqp9dz,2024-03-05 14:06:25
productpage-v1,reviews-v3,2024-03-05 14:06:25
ratings-v1-5b6b66f9b5-n4ddg,izbp16opgy3xucvexwqp9dz,2024-03-05 14:06:25
details-v1-b788479c5-bbg6t,izbp1gwb52uyj3g0wn52lfz,2024-03-05 14:06:25
istio-ingressgateway,productpage-v1,2024-03-05 14:06:25
reviews-v2,ratings-v1,2024-03-05 14:06:25
productpage-v1-7fb564989f-hm9g2,izbp1gwb52uyj3g0wn52lfz,2024-03-05 14:06:25
reviews-v2-6ccf99c555-fqvhb,izbp1gwb52uyj3g0wn52lez,2024-03-05 14:06:25
productpage-v1,reviews-v2,2024-03-05 14:06:30
istio-ingressgateway,productpage-v1,2024-03-05 14:06:30
productpage-v1,reviews-v3,2024-03-05 14:06:30
ratings-v1-5b6b66f9b5-n4ddg,izbp16opgy3xucvexwqp9dz,2024-03-05 14:06:30
reviews-v2,ratings-v1,2024-03-05 14:06:30
reviews-v3,ratings-v1,2024-03-05 14:06:30
reviews-v1-7b76c4f45d-x9mxc,izbp16opgy3xucvexwqp9dz,2024-03-05 14:06:30
productpage-v1-7fb564989f-hm9g2,izbp1gwb52uyj3g0wn52lfz,2024-03-05 14:06:30
reviews-v2-6ccf99c555-fqvhb,izbp1gwb52uyj3g0wn52lez,2024-03-05 14:06:30
productpage-v1,reviews-v1,2024-03-05 14:06:30
productpage-v1,details-v1,2024-03-05 14:06:30
reviews-v3-5fd56449d8-tv4wp,izbp16opgy3xucvexwqp9dz,2024-03-05 14:06:30
details-v1-b788479c5-bbg6t,izbp1gwb52uyj3g0wn52lfz,2024-03-05 14:06:30
ratings-v1-5b6b66f9b5-n4ddg,izbp16opgy3xucvexwqp9dz,2024-03-05 14:06:35
istio-ingressgateway,productpage-v1,2024-03-05 14:06:35
reviews-v1-7b76c4f45d-x9mxc,izbp16opgy3xucvexwqp9dz,2024-03-05 14:06:35
productpage-v1,details-v1,2024-03-05 14:06:35
productpage-v1,reviews-v2,2024-03-05 14:06:35
productpage-v1,reviews-v1,2024-03-05 14:06:35
reviews-v2,ratings-v1,2024-03-05 14:06:35
reviews-v2-6ccf99c555-fqvhb,izbp1gwb52uyj3g0wn52lez,2024-03-05 14:06:35
productpage-v1-7fb564989f-hm9g2,izbp1gwb52uyj3g0wn52lfz,2024-03-05 14:06:35
productpage-v1,reviews-v3,2024-03-05 14:06:35
reviews-v3,ratings-v1,2024-03-05 14:06:35
details-v1-b788479c5-bbg6t,izbp1gwb52uyj3g0wn52lfz,2024-03-05 14:06:35
reviews-v3-5fd56449d8-tv4wp,izbp16opgy3xucvexwqp9dz,2024-03-05 14:06:35
istio-ingressgateway,productpage-v1,2024-03-05 14:06:40
reviews-v2-6ccf99c555-fqvhb,izbp1gwb52uyj3g0wn52lez,2024-03-05 14:06:40
productpage-v1,details-v1,2024-03-05 14:06:40
reviews-v1-7b76c4f45d-x9mxc,izbp16opgy3xucvexwqp9dz,2024-03-05 14:06:40
reviews-v3,ratings-v1,2024-03-05 14:06:40
productpage-v1,reviews-v2,2024-03-05 14:06:40
ratings-v1-5b6b66f9b5-n4ddg,izbp16opgy3xucvexwqp9dz,2024-03-05 14:06:40
productpage-v1,reviews-v3,2024-03-05 14:06:40
productpage-v1-7fb564989f-hm9g2,izbp1gwb52uyj3g0wn52lfz,2024-03-05 14:06:40
reviews-v3-5fd56449d8-tv4wp,izbp16opgy3xucvexwqp9dz,2024-03-05 14:06:40
details-v1-b788479c5-bbg6t,izbp1gwb52uyj3g0wn52lfz,2024-03-05 14:06:40
productpage-v1,reviews-v1,2024-03-05 14:06:40
reviews-v2,ratings-v1,2024-03-05 14:06:40
productpage-v1,reviews-v2,2024-03-05 14:06:45
productpage-v1-7fb564989f-hm9g2,izbp1gwb52uyj3g0wn52lfz,2024-03-05 14:06:45
reviews-v1-7b76c4f45d-x9mxc,izbp16opgy3xucvexwqp9dz,2024-03-05 14:06:45
details-v1-b788479c5-bbg6t,izbp1gwb52uyj3g0wn52lfz,2024-03-05 14:06:45
reviews-v2,ratings-v1,2024-03-05 14:06:45
productpage-v1,details-v1,2024-03-05 14:06:45
productpage-v1,reviews-v1,2024-03-05 14:06:45
istio-ingressgateway,productpage-v1,2024-03-05 14:06:45
reviews-v3-5fd56449d8-tv4wp,izbp16opgy3xucvexwqp9dz,2024-03-05 14:06:45
productpage-v1,reviews-v3,2024-03-05 14:06:45
reviews-v2-6ccf99c555-fqvhb,izbp1gwb52uyj3g0wn52lez,2024-03-05 14:06:45
ratings-v1-5b6b66f9b5-n4ddg,izbp16opgy3xucvexwqp9dz,2024-03-05 14:06:45
reviews-v3,ratings-v1,2024-03-05 14:06:45
productpage-v1,reviews-v3,2024-03-05 14:06:50
reviews-v1-7b76c4f45d-x9mxc,izbp16opgy3xucvexwqp9dz,2024-03-05 14:06:50
ratings-v1-5b6b66f9b5-n4ddg,izbp16opgy3xucvexwqp9dz,2024-03-05 14:06:50
productpage-v1,details-v1,2024-03-05 14:06:50
details-v1-b788479c5-bbg6t,izbp1gwb52uyj3g0wn52lfz,2024-03-05 14:06:50
productpage-v1,reviews-v1,2024-03-05 14:06:50
reviews-v3-5fd56449d8-tv4wp,izbp16opgy3xucvexwqp9dz,2024-03-05 14:06:50
istio-ingressgateway,productpage-v1,2024-03-05 14:06:50
reviews-v2,ratings-v1,2024-03-05 14:06:50
productpage-v1,reviews-v2,2024-03-05 14:06:50
productpage-v1-7fb564989f-hm9g2,izbp1gwb52uyj3g0wn52lfz,2024-03-05 14:06:50
reviews-v2-6ccf99c555-fqvhb,izbp1gwb52uyj3g0wn52lez,2024-03-05 14:06:50
reviews-v3,ratings-v1,2024-03-05 14:06:50
reviews-v1-7b76c4f45d-x9mxc,izbp16opgy3xucvexwqp9dz,2024-03-05 14:06:55
productpage-v1,reviews-v2,2024-03-05 14:06:55
reviews-v2-6ccf99c555-fqvhb,izbp1gwb52uyj3g0wn52lez,2024-03-05 14:06:55
details-v1-b788479c5-bbg6t,izbp1gwb52uyj3g0wn52lfz,2024-03-05 14:06:55
reviews-v3-5fd56449d8-tv4wp,izbp16opgy3xucvexwqp9dz,2024-03-05 14:06:55
reviews-v3,ratings-v1,2024-03-05 14:06:55
productpage-v1,reviews-v3,2024-03-05 14:06:55
productpage-v1,reviews-v1,2024-03-05 14:06:55
reviews-v2,ratings-v1,2024-03-05 14:06:55
productpage-v1-7fb564989f-hm9g2,izbp1gwb52uyj3g0wn52lfz,2024-03-05 14:06:55
istio-ingressgateway,productpage-v1,2024-03-05 14:06:55
productpage-v1,details-v1,2024-03-05 14:06:55
ratings-v1-5b6b66f9b5-n4ddg,izbp16opgy3xucvexwqp9dz,2024-03-05 14:06:55
productpage-v1-7fb564989f-hm9g2,izbp1gwb52uyj3g0wn52lfz,2024-03-05 14:07:00
ratings-v1-5b6b66f9b5-n4ddg,izbp16opgy3xucvexwqp9dz,2024-03-05 14:07:00
productpage-v1,reviews-v3,2024-03-05 14:07:00
productpage-v1,reviews-v1,2024-03-05 14:07:00
reviews-v2-6ccf99c555-fqvhb,izbp1gwb52uyj3g0wn52lez,2024-03-05 14:07:00
reviews-v2,ratings-v1,2024-03-05 14:07:00
details-v1-b788479c5-bbg6t,izbp1gwb52uyj3g0wn52lfz,2024-03-05 14:07:00
productpage-v1,details-v1,2024-03-05 14:07:00
reviews-v3,ratings-v1,2024-03-05 14:07:00
istio-ingressgateway,productpage-v1,2024-03-05 14:07:00
reviews-v3-5fd56449d8-tv4wp,izbp16opgy3xucvexwqp9dz,2024-03-05 14:07:00
productpage-v1,reviews-v2,2024-03-05 14:07:00
reviews-v1-7b76c4f45d-x9mxc,izbp16opgy3xucvexwqp9dz,2024-03-05 14:07:00
reviews-v2,ratings-v1,2024-03-05 14:07:05
productpage-v1,reviews-v3,2024-03-05 14:07:05
productpage-v1,reviews-v1,2024-03-05 14:07:05
reviews-v3,ratings-v1,2024-03-05 14:07:05
ratings-v1-5b6b66f9b5-n4ddg,izbp16opgy3xucvexwqp9dz,2024-03-05 14:07:05
reviews-v3-5fd56449d8-tv4wp,izbp16opgy3xucvexwqp9dz,2024-03-05 14:07:05
productpage-v1,reviews-v2,2024-03-05 14:07:05
details-v1-b788479c5-bbg6t,izbp1gwb52uyj3g0wn52lfz,2024-03-05 14:07:05
productpage-v1-7fb564989f-hm9g2,izbp1gwb52uyj3g0wn52lfz,2024-03-05 14:07:05
reviews-v1-7b76c4f45d-x9mxc,izbp16opgy3xucvexwqp9dz,2024-03-05 14:07:05
reviews-v2-6ccf99c555-fqvhb,izbp1gwb52uyj3g0wn52lez,2024-03-05 14:07:05
istio-ingressgateway,productpage-v1,2024-03-05 14:07:05
productpage-v1,details-v1,2024-03-05 14:07:05
reviews-v1-7b76c4f45d-x9mxc,izbp16opgy3xucvexwqp9dz,2024-03-05 14:07:10
reviews-v3,ratings-v1,2024-03-05 14:07:10
reviews-v2,ratings-v1,2024-03-05 14:07:10
istio-ingressgateway,productpage-v1,2024-03-05 14:07:10
ratings-v1-5b6b66f9b5-n4ddg,izbp16opgy3xucvexwqp9dz,2024-03-05 14:07:10
productpage-v1,reviews-v2,2024-03-05 14:07:10
productpage-v1-7fb564989f-hm9g2,izbp1gwb52uyj3g0wn52lfz,2024-03-05 14:07:10
details-v1-b788479c5-bbg6t,izbp1gwb52uyj3g0wn52lfz,2024-03-05 14:07:10
productpage-v1,reviews-v1,2024-03-05 14:07:10
reviews-v2-6ccf99c555-fqvhb,izbp1gwb52uyj3g0wn52lez,2024-03-05 14:07:10
productpage-v1,details-v1,2024-03-05 14:07:10
reviews-v3-5fd56449d8-tv4wp,izbp16opgy3xucvexwqp9dz,2024-03-05 14:07:10
productpage-v1,reviews-v3,2024-03-05 14:07:10
reviews-v2-6ccf99c555-fqvhb,izbp1gwb52uyj3g0wn52lez,2024-03-05 14:07:15
reviews-v3,ratings-v1,2024-03-05 14:07:15
reviews-v2,ratings-v1,2024-03-05 14:07:15
istio-ingressgateway,productpage-v1,2024-03-05 14:07:15
reviews-v3-5fd56449d8-tv4wp,izbp16opgy3xucvexwqp9dz,2024-03-05 14:07:15
productpage-v1,reviews-v3,2024-03-05 14:07:15
reviews-v1-7b76c4f45d-x9mxc,izbp16opgy3xucvexwqp9dz,2024-03-05 14:07:15
productpage-v1,reviews-v2,2024-03-05 14:07:15
details-v1-b788479c5-bbg6t,izbp1gwb52uyj3g0wn52lfz,2024-03-05 14:07:15
productpage-v1,reviews-v1,2024-03-05 14:07:15
productpage-v1-7fb564989f-hm9g2,izbp1gwb52uyj3g0wn52lfz,2024-03-05 14:07:15
productpage-v1,details-v1,2024-03-05 14:07:15
ratings-v1-5b6b66f9b5-n4ddg,izbp16opgy3xucvexwqp9dz,2024-03-05 14:07:15
productpage-v1,reviews-v1,2024-03-05 14:07:20
reviews-v3-5fd56449d8-tv4wp,izbp16opgy3xucvexwqp9dz,2024-03-05 14:07:20
reviews-v1-7b76c4f45d-x9mxc,izbp16opgy3xucvexwqp9dz,2024-03-05 14:07:20
ratings-v1-5b6b66f9b5-n4ddg,izbp16opgy3xucvexwqp9dz,2024-03-05 14:07:20
reviews-v2,ratings-v1,2024-03-05 14:07:20
details-v1-b788479c5-bbg6t,izbp1gwb52uyj3g0wn52lfz,2024-03-05 14:07:20
productpage-v1,reviews-v3,2024-03-05 14:07:20
productpage-v1,reviews-v2,2024-03-05 14:07:20
productpage-v1-7fb564989f-hm9g2,izbp1gwb52uyj3g0wn52lfz,2024-03-05 14:07:20
reviews-v2-6ccf99c555-fqvhb,izbp1gwb52uyj3g0wn52lez,2024-03-05 14:07:20
productpage-v1,details-v1,2024-03-05 14:07:20
reviews-v3,ratings-v1,2024-03-05 14:07:20
istio-ingressgateway,productpage-v1,2024-03-05 14:07:20
details-v1-b788479c5-bbg6t,izbp1gwb52uyj3g0wn52lfz,2024-03-05 14:07:25
reviews-v1-7b76c4f45d-x9mxc,izbp16opgy3xucvexwqp9dz,2024-03-05 14:07:25
istio-ingressgateway,productpage-v1,2024-03-05 14:07:25
reviews-v3,ratings-v1,2024-03-05 14:07:25
productpage-v1,reviews-v3,2024-03-05 14:07:25
reviews-v3-5fd56449d8-tv4wp,izbp16opgy3xucvexwqp9dz,2024-03-05 14:07:25
productpage-v1,reviews-v2,2024-03-05 14:07:25
reviews-v2,ratings-v1,2024-03-05 14:07:25
productpage-v1,details-v1,2024-03-05 14:07:25
reviews-v2-6ccf99c555-fqvhb,izbp1gwb52uyj3g0wn52lez,2024-03-05 14:07:25
productpage-v1-7fb564989f-hm9g2,izbp1gwb52uyj3g0wn52lfz,2024-03-05 14:07:25
productpage-v1,reviews-v1,2024-03-05 14:07:25
ratings-v1-5b6b66f9b5-n4ddg,izbp16opgy3xucvexwqp9dz,2024-03-05 14:07:25
productpage-v1,details-v1,2024-03-05 14:07:30
reviews-v3,ratings-v1,2024-03-05 14:07:30
reviews-v2-6ccf99c555-fqvhb,izbp1gwb52uyj3g0wn52lez,2024-03-05 14:07:30
istio-ingressgateway,productpage-v1,2024-03-05 14:07:30
productpage-v1-7fb564989f-hm9g2,izbp1gwb52uyj3g0wn52lfz,2024-03-05 14:07:30
ratings-v1-5b6b66f9b5-n4ddg,izbp16opgy3xucvexwqp9dz,2024-03-05 14:07:30
details-v1-b788479c5-bbg6t,izbp1gwb52uyj3g0wn52lfz,2024-03-05 14:07:30
productpage-v1,reviews-v3,2024-03-05 14:07:30
productpage-v1,reviews-v2,2024-03-05 14:07:30
reviews-v2,ratings-v1,2024-03-05 14:07:30
reviews-v3-5fd56449d8-tv4wp,izbp16opgy3xucvexwqp9dz,2024-03-05 14:07:30
reviews-v1-7b76c4f45d-x9mxc,izbp16opgy3xucvexwqp9dz,2024-03-05 14:07:30
productpage-v1,reviews-v1,2024-03-05 14:07:30
productpage-v1,reviews-v2,2024-03-05 14:07:35
reviews-v2,ratings-v1,2024-03-05 14:07:35
reviews-v3-5fd56449d8-tv4wp,izbp16opgy3xucvexwqp9dz,2024-03-05 14:07:35
reviews-v1-7b76c4f45d-x9mxc,izbp16opgy3xucvexwqp9dz,2024-03-05 14:07:35
productpage-v1,reviews-v1,2024-03-05 14:07:35
istio-ingressgateway,productpage-v1,2024-03-05 14:07:35
reviews-v2-6ccf99c555-fqvhb,izbp1gwb52uyj3g0wn52lez,2024-03-05 14:07:35
reviews-v3,ratings-v1,2024-03-05 14:07:35
details-v1-b788479c5-bbg6t,izbp1gwb52uyj3g0wn52lfz,2024-03-05 14:07:35
ratings-v1-5b6b66f9b5-n4ddg,izbp16opgy3xucvexwqp9dz,2024-03-05 14:07:35
productpage-v1,details-v1,2024-03-05 14:07:35
productpage-v1-7fb564989f-hm9g2,izbp1gwb52uyj3g0wn52lfz,2024-03-05 14:07:35
productpage-v1,reviews-v3,2024-03-05 14:07:35
reviews-v2,ratings-v1,2024-03-05 14:07:40
reviews-v3-5fd56449d8-tv4wp,izbp16opgy3xucvexwqp9dz,2024-03-05 14:07:40
productpage-v1,reviews-v2,2024-03-05 14:07:40
reviews-v2-6ccf99c555-fqvhb,izbp1gwb52uyj3g0wn52lez,2024-03-05 14:07:40
productpage-v1,details-v1,2024-03-05 14:07:40
istio-ingressgateway,productpage-v1,2024-03-05 14:07:40
details-v1-b788479c5-bbg6t,izbp1gwb52uyj3g0wn52lfz,2024-03-05 14:07:40
productpage-v1-7fb564989f-hm9g2,izbp1gwb52uyj3g0wn52lfz,2024-03-05 14:07:40
ratings-v1-5b6b66f9b5-n4ddg,izbp16opgy3xucvexwqp9dz,2024-03-05 14:07:40
reviews-v1-7b76c4f45d-x9mxc,izbp16opgy3xucvexwqp9dz,2024-03-05 14:07:40
productpage-v1,reviews-v3,2024-03-05 14:07:40
productpage-v1,reviews-v1,2024-03-05 14:07:40
reviews-v3,ratings-v1,2024-03-05 14:07:40
ratings-v1-5b6b66f9b5-n4ddg,izbp16opgy3xucvexwqp9dz,2024-03-05 14:07:45
reviews-v3,ratings-v1,2024-03-05 14:07:45
istio-ingressgateway,productpage-v1,2024-03-05 14:07:45
productpage-v1-7fb564989f-hm9g2,izbp1gwb52uyj3g0wn52lfz,2024-03-05 14:07:45
reviews-v3-5fd56449d8-tv4wp,izbp16opgy3xucvexwqp9dz,2024-03-05 14:07:45
productpage-v1,reviews-v1,2024-03-05 14:07:45
productpage-v1,reviews-v2,2024-03-05 14:07:45
reviews-v1-7b76c4f45d-x9mxc,izbp16opgy3xucvexwqp9dz,2024-03-05 14:07:45
details-v1-b788479c5-bbg6t,izbp1gwb52uyj3g0wn52lfz,2024-03-05 14:07:45
reviews-v2,ratings-v1,2024-03-05 14:07:45
productpage-v1,reviews-v3,2024-03-05 14:07:45
reviews-v2-6ccf99c555-fqvhb,izbp1gwb52uyj3g0wn52lez,2024-03-05 14:07:45
productpage-v1,details-v1,2024-03-05 14:07:45
reviews-v2,ratings-v1,2024-03-05 14:07:50
productpage-v1-7fb564989f-hm9g2,izbp1gwb52uyj3g0wn52lfz,2024-03-05 14:07:50
productpage-v1,details-v1,2024-03-05 14:07:50
reviews-v1-7b76c4f45d-x9mxc,izbp16opgy3xucvexwqp9dz,2024-03-05 14:07:50
details-v1-b788479c5-bbg6t,izbp1gwb52uyj3g0wn52lfz,2024-03-05 14:07:50
reviews-v3,ratings-v1,2024-03-05 14:07:50
reviews-v3-5fd56449d8-tv4wp,izbp16opgy3xucvexwqp9dz,2024-03-05 14:07:50
istio-ingressgateway,productpage-v1,2024-03-05 14:07:50
productpage-v1,reviews-v1,2024-03-05 14:07:50
ratings-v1-5b6b66f9b5-n4ddg,izbp16opgy3xucvexwqp9dz,2024-03-05 14:07:50
productpage-v1,reviews-v3,2024-03-05 14:07:50
reviews-v2-6ccf99c555-fqvhb,izbp1gwb52uyj3g0wn52lez,2024-03-05 14:07:50
productpage-v1,reviews-v2,2024-03-05 14:07:50
reviews-v1-7b76c4f45d-x9mxc,izbp16opgy3xucvexwqp9dz,2024-03-05 14:07:55
reviews-v2,ratings-v1,2024-03-05 14:07:55
reviews-v3-5fd56449d8-tv4wp,izbp16opgy3xucvexwqp9dz,2024-03-05 14:07:55
productpage-v1,reviews-v3,2024-03-05 14:07:55
productpage-v1,details-v1,2024-03-05 14:07:55
ratings-v1-5b6b66f9b5-n4ddg,izbp16opgy3xucvexwqp9dz,2024-03-05 14:07:55
productpage-v1,reviews-v2,2024-03-05 14:07:55
istio-ingressgateway,productpage-v1,2024-03-05 14:07:55
productpage-v1-7fb564989f-hm9g2,izbp1gwb52uyj3g0wn52lfz,2024-03-05 14:07:55
reviews-v3,ratings-v1,2024-03-05 14:07:55
productpage-v1,reviews-v1,2024-03-05 14:07:55
reviews-v2-6ccf99c555-fqvhb,izbp1gwb52uyj3g0wn52lez,2024-03-05 14:07:55
details-v1-b788479c5-bbg6t,izbp1gwb52uyj3g0wn52lfz,2024-03-05 14:07:55
productpage-v1,details-v1,2024-03-05 14:08:00
productpage-v1-7fb564989f-hm9g2,izbp1gwb52uyj3g0wn52lfz,2024-03-05 14:08:00
reviews-v2-6ccf99c555-fqvhb,izbp1gwb52uyj3g0wn52lez,2024-03-05 14:08:00
productpage-v1,reviews-v1,2024-03-05 14:08:00
productpage-v1,reviews-v2,2024-03-05 14:08:00
reviews-v1-7b76c4f45d-x9mxc,izbp16opgy3xucvexwqp9dz,2024-03-05 14:08:00
istio-ingressgateway,productpage-v1,2024-03-05 14:08:00
reviews-v3,ratings-v1,2024-03-05 14:08:00
productpage-v1,reviews-v3,2024-03-05 14:08:00
reviews-v2,ratings-v1,2024-03-05 14:08:00
ratings-v1-5b6b66f9b5-n4ddg,izbp16opgy3xucvexwqp9dz,2024-03-05 14:08:00
reviews-v3-5fd56449d8-tv4wp,izbp16opgy3xucvexwqp9dz,2024-03-05 14:08:00
details-v1-b788479c5-bbg6t,izbp1gwb52uyj3g0wn52lfz,2024-03-05 14:08:00
productpage-v1,reviews-v1,2024-03-05 14:08:05
productpage-v1,reviews-v2,2024-03-05 14:08:05
reviews-v3,ratings-v1,2024-03-05 14:08:05
reviews-v2,ratings-v1,2024-03-05 14:08:05
productpage-v1-7fb564989f-hm9g2,izbp1gwb52uyj3g0wn52lfz,2024-03-05 14:08:05
reviews-v3-5fd56449d8-tv4wp,izbp16opgy3xucvexwqp9dz,2024-03-05 14:08:05
productpage-v1,reviews-v3,2024-03-05 14:08:05
productpage-v1,details-v1,2024-03-05 14:08:05
istio-ingressgateway,productpage-v1,2024-03-05 14:08:05
ratings-v1-5b6b66f9b5-n4ddg,izbp16opgy3xucvexwqp9dz,2024-03-05 14:08:05
reviews-v2-6ccf99c555-fqvhb,izbp1gwb52uyj3g0wn52lez,2024-03-05 14:08:05
reviews-v1-7b76c4f45d-x9mxc,izbp16opgy3xucvexwqp9dz,2024-03-05 14:08:05
details-v1-b788479c5-bbg6t,izbp1gwb52uyj3g0wn52lfz,2024-03-05 14:08:05
reviews-v3-5fd56449d8-tv4wp,izbp16opgy3xucvexwqp9dz,2024-03-05 14:08:10
reviews-v3,ratings-v1,2024-03-05 14:08:10
reviews-v2,ratings-v1,2024-03-05 14:08:10
ratings-v1-5b6b66f9b5-n4ddg,izbp16opgy3xucvexwqp9dz,2024-03-05 14:08:10
productpage-v1-7fb564989f-hm9g2,izbp1gwb52uyj3g0wn52lfz,2024-03-05 14:08:10
productpage-v1,reviews-v1,2024-03-05 14:08:10
istio-ingressgateway,productpage-v1,2024-03-05 14:08:10
details-v1-b788479c5-bbg6t,izbp1gwb52uyj3g0wn52lfz,2024-03-05 14:08:10
productpage-v1,reviews-v2,2024-03-05 14:08:10
reviews-v1-7b76c4f45d-x9mxc,izbp16opgy3xucvexwqp9dz,2024-03-05 14:08:10
reviews-v2-6ccf99c555-fqvhb,izbp1gwb52uyj3g0wn52lez,2024-03-05 14:08:10
productpage-v1,details-v1,2024-03-05 14:08:10
productpage-v1,reviews-v3,2024-03-05 14:08:10
details-v1-b788479c5-bbg6t,izbp1gwb52uyj3g0wn52lfz,2024-03-05 14:08:15
ratings-v1-5b6b66f9b5-n4ddg,izbp16opgy3xucvexwqp9dz,2024-03-05 14:08:15
productpage-v1,reviews-v3,2024-03-05 14:08:15
productpage-v1-7fb564989f-hm9g2,izbp1gwb52uyj3g0wn52lfz,2024-03-05 14:08:15
reviews-v1-7b76c4f45d-x9mxc,izbp16opgy3xucvexwqp9dz,2024-03-05 14:08:15
productpage-v1,details-v1,2024-03-05 14:08:15
reviews-v2-6ccf99c555-fqvhb,izbp1gwb52uyj3g0wn52lez,2024-03-05 14:08:15
reviews-v2,ratings-v1,2024-03-05 14:08:15
reviews-v3,ratings-v1,2024-03-05 14:08:15
reviews-v3-5fd56449d8-tv4wp,izbp16opgy3xucvexwqp9dz,2024-03-05 14:08:15
productpage-v1,reviews-v1,2024-03-05 14:08:15
productpage-v1,reviews-v2,2024-03-05 14:08:15
istio-ingressgateway,productpage-v1,2024-03-05 14:08:15
reviews-v1-7b76c4f45d-x9mxc,izbp16opgy3xucvexwqp9dz,2024-03-05 14:08:20
details-v1-b788479c5-bbg6t,izbp1gwb52uyj3g0wn52lfz,2024-03-05 14:08:20
productpage-v1,reviews-v2,2024-03-05 14:08:20
reviews-v2,ratings-v1,2024-03-05 14:08:20
reviews-v2-6ccf99c555-fqvhb,izbp1gwb52uyj3g0wn52lez,2024-03-05 14:08:20
productpage-v1-7fb564989f-hm9g2,izbp1gwb52uyj3g0wn52lfz,2024-03-05 14:08:20
productpage-v1,reviews-v3,2024-03-05 14:08:20
productpage-v1,reviews-v1,2024-03-05 14:08:20
ratings-v1-5b6b66f9b5-n4ddg,izbp16opgy3xucvexwqp9dz,2024-03-05 14:08:20
istio-ingressgateway,productpage-v1,2024-03-05 14:08:20
reviews-v3-5fd56449d8-tv4wp,izbp16opgy3xucvexwqp9dz,2024-03-05 14:08:20
productpage-v1,details-v1,2024-03-05 14:08:20
reviews-v3,ratings-v1,2024-03-05 14:08:20
reviews-v2,ratings-v1,2024-03-05 14:08:25
productpage-v1,reviews-v2,2024-03-05 14:08:25
productpage-v1,reviews-v1,2024-03-05 14:08:25
details-v1-b788479c5-bbg6t,izbp1gwb52uyj3g0wn52lfz,2024-03-05 14:08:25
reviews-v3-5fd56449d8-tv4wp,izbp16opgy3xucvexwqp9dz,2024-03-05 14:08:25
productpage-v1,reviews-v3,2024-03-05 14:08:25
reviews-v2-6ccf99c555-fqvhb,izbp1gwb52uyj3g0wn52lez,2024-03-05 14:08:25
reviews-v3,ratings-v1,2024-03-05 14:08:25
productpage-v1-7fb564989f-hm9g2,izbp1gwb52uyj3g0wn52lfz,2024-03-05 14:08:25
productpage-v1,details-v1,2024-03-05 14:08:25
istio-ingressgateway,productpage-v1,2024-03-05 14:08:25
ratings-v1-5b6b66f9b5-n4ddg,izbp16opgy3xucvexwqp9dz,2024-03-05 14:08:25
reviews-v1-7b76c4f45d-x9mxc,izbp16opgy3xucvexwqp9dz,2024-03-05 14:08:25
ratings-v1-5b6b66f9b5-n4ddg,izbp16opgy3xucvexwqp9dz,2024-03-05 14:08:30
reviews-v1-7b76c4f45d-x9mxc,izbp16opgy3xucvexwqp9dz,2024-03-05 14:08:30
reviews-v2,ratings-v1,2024-03-05 14:08:30
productpage-v1-7fb564989f-hm9g2,izbp1gwb52uyj3g0wn52lfz,2024-03-05 14:08:30
productpage-v1,reviews-v1,2024-03-05 14:08:30
details-v1-b788479c5-bbg6t,izbp1gwb52uyj3g0wn52lfz,2024-03-05 14:08:30
productpage-v1,details-v1,2024-03-05 14:08:30
istio-ingressgateway,productpage-v1,2024-03-05 14:08:30
reviews-v3-5fd56449d8-tv4wp,izbp16opgy3xucvexwqp9dz,2024-03-05 14:08:30
reviews-v3,ratings-v1,2024-03-05 14:08:30
productpage-v1,reviews-v2,2024-03-05 14:08:30
productpage-v1,reviews-v3,2024-03-05 14:08:30
reviews-v2-6ccf99c555-fqvhb,izbp1gwb52uyj3g0wn52lez,2024-03-05 14:08:30
reviews-v3,ratings-v1,2024-03-05 14:08:35
istio-ingressgateway,productpage-v1,2024-03-05 14:08:35
productpage-v1-7fb564989f-hm9g2,izbp1gwb52uyj3g0wn52lfz,2024-03-05 14:08:35
reviews-v1-7b76c4f45d-x9mxc,izbp16opgy3xucvexwqp9dz,2024-03-05 14:08:35
reviews-v2-6ccf99c555-fqvhb,izbp1gwb52uyj3g0wn52lez,2024-03-05 14:08:35
ratings-v1-5b6b66f9b5-n4ddg,izbp16opgy3xucvexwqp9dz,2024-03-05 14:08:35
productpage-v1,details-v1,2024-03-05 14:08:35
productpage-v1,reviews-v3,2024-03-05 14:08:35
productpage-v1,reviews-v2,2024-03-05 14:08:35
productpage-v1,reviews-v1,2024-03-05 14:08:35
reviews-v3-5fd56449d8-tv4wp,izbp16opgy3xucvexwqp9dz,2024-03-05 14:08:35
reviews-v2,ratings-v1,2024-03-05 14:08:35
details-v1-b788479c5-bbg6t,izbp1gwb52uyj3g0wn52lfz,2024-03-05 14:08:35
ratings-v1-5b6b66f9b5-n4ddg,izbp16opgy3xucvexwqp9dz,2024-03-05 14:08:40
productpage-v1,reviews-v1,2024-03-05 14:08:40
reviews-v2-6ccf99c555-fqvhb,izbp1gwb52uyj3g0wn52lez,2024-03-05 14:08:40
istio-ingressgateway,productpage-v1,2024-03-05 14:08:40
productpage-v1,reviews-v2,2024-03-05 14:08:40
productpage-v1,reviews-v3,2024-03-05 14:08:40
productpage-v1-7fb564989f-hm9g2,izbp1gwb52uyj3g0wn52lfz,2024-03-05 14:08:40
reviews-v3,ratings-v1,2024-03-05 14:08:40
details-v1-b788479c5-bbg6t,izbp1gwb52uyj3g0wn52lfz,2024-03-05 14:08:40
reviews-v3-5fd56449d8-tv4wp,izbp16opgy3xucvexwqp9dz,2024-03-05 14:08:40
productpage-v1,details-v1,2024-03-05 14:08:40
reviews-v1-7b76c4f45d-x9mxc,izbp16opgy3xucvexwqp9dz,2024-03-05 14:08:40
reviews-v2,ratings-v1,2024-03-05 14:08:40
istio-ingressgateway,productpage-v1,2024-03-05 14:08:45
ratings-v1-5b6b66f9b5-n4ddg,izbp16opgy3xucvexwqp9dz,2024-03-05 14:08:45
reviews-v2-6ccf99c555-fqvhb,izbp1gwb52uyj3g0wn52lez,2024-03-05 14:08:45
productpage-v1,reviews-v3,2024-03-05 14:08:45
details-v1-b788479c5-bbg6t,izbp1gwb52uyj3g0wn52lfz,2024-03-05 14:08:45
reviews-v3-5fd56449d8-tv4wp,izbp16opgy3xucvexwqp9dz,2024-03-05 14:08:45
reviews-v2,ratings-v1,2024-03-05 14:08:45
reviews-v3,ratings-v1,2024-03-05 14:08:45
productpage-v1,reviews-v1,2024-03-05 14:08:45
productpage-v1-7fb564989f-hm9g2,izbp1gwb52uyj3g0wn52lfz,2024-03-05 14:08:45
productpage-v1,details-v1,2024-03-05 14:08:45
reviews-v1-7b76c4f45d-x9mxc,izbp16opgy3xucvexwqp9dz,2024-03-05 14:08:45
productpage-v1,reviews-v2,2024-03-05 14:08:45
reviews-v2-6ccf99c555-fqvhb,izbp1gwb52uyj3g0wn52lez,2024-03-05 14:08:50
istio-ingressgateway,productpage-v1,2024-03-05 14:08:50
reviews-v2,ratings-v1,2024-03-05 14:08:50
productpage-v1,reviews-v2,2024-03-05 14:08:50
details-v1-b788479c5-bbg6t,izbp1gwb52uyj3g0wn52lfz,2024-03-05 14:08:50
productpage-v1,reviews-v1,2024-03-05 14:08:50
productpage-v1,reviews-v3,2024-03-05 14:08:50
ratings-v1-5b6b66f9b5-n4ddg,izbp16opgy3xucvexwqp9dz,2024-03-05 14:08:50
productpage-v1-7fb564989f-hm9g2,izbp1gwb52uyj3g0wn52lfz,2024-03-05 14:08:50
reviews-v1-7b76c4f45d-x9mxc,izbp16opgy3xucvexwqp9dz,2024-03-05 14:08:50
productpage-v1,details-v1,2024-03-05 14:08:50
reviews-v3,ratings-v1,2024-03-05 14:08:50
reviews-v3-5fd56449d8-tv4wp,izbp16opgy3xucvexwqp9dz,2024-03-05 14:08:50
details-v1-b788479c5-bbg6t,izbp1gwb52uyj3g0wn52lfz,2024-03-05 14:08:55
productpage-v1,reviews-v3,2024-03-05 14:08:55
reviews-v3-5fd56449d8-tv4wp,izbp16opgy3xucvexwqp9dz,2024-03-05 14:08:55
productpage-v1,details-v1,2024-03-05 14:08:55
productpage-v1,reviews-v2,2024-03-05 14:08:55
reviews-v1-7b76c4f45d-x9mxc,izbp16opgy3xucvexwqp9dz,2024-03-05 14:08:55
ratings-v1-5b6b66f9b5-n4ddg,izbp16opgy3xucvexwqp9dz,2024-03-05 14:08:55
istio-ingressgateway,productpage-v1,2024-03-05 14:08:55
reviews-v2-6ccf99c555-fqvhb,izbp1gwb52uyj3g0wn52lez,2024-03-05 14:08:55
productpage-v1-7fb564989f-hm9g2,izbp1gwb52uyj3g0wn52lfz,2024-03-05 14:08:55
reviews-v3,ratings-v1,2024-03-05 14:08:55
productpage-v1,reviews-v1,2024-03-05 14:08:55
reviews-v2,ratings-v1,2024-03-05 14:08:55
reviews-v3-5fd56449d8-tv4wp,izbp16opgy3xucvexwqp9dz,2024-03-05 14:09:00
reviews-v2-6ccf99c555-fqvhb,izbp1gwb52uyj3g0wn52lez,2024-03-05 14:09:00
ratings-v1-5b6b66f9b5-n4ddg,izbp16opgy3xucvexwqp9dz,2024-03-05 14:09:00
istio-ingressgateway,productpage-v1,2024-03-05 14:09:00
reviews-v2,ratings-v1,2024-03-05 14:09:00
productpage-v1-7fb564989f-hm9g2,izbp1gwb52uyj3g0wn52lfz,2024-03-05 14:09:00
productpage-v1,details-v1,2024-03-05 14:09:00
details-v1-b788479c5-bbg6t,izbp1gwb52uyj3g0wn52lfz,2024-03-05 14:09:00
reviews-v1-7b76c4f45d-x9mxc,izbp16opgy3xucvexwqp9dz,2024-03-05 14:09:00
reviews-v3,ratings-v1,2024-03-05 14:09:00
productpage-v1,reviews-v3,2024-03-05 14:09:00
productpage-v1,reviews-v1,2024-03-05 14:09:00
productpage-v1,reviews-v2,2024-03-05 14:09:00
productpage-v1,details-v1,2024-03-05 14:09:05
reviews-v3-5fd56449d8-tv4wp,izbp16opgy3xucvexwqp9dz,2024-03-05 14:09:05
reviews-v1-7b76c4f45d-x9mxc,izbp16opgy3xucvexwqp9dz,2024-03-05 14:09:05
ratings-v1-5b6b66f9b5-n4ddg,izbp16opgy3xucvexwqp9dz,2024-03-05 14:09:05
istio-ingressgateway,productpage-v1,2024-03-05 14:09:05
reviews-v2-6ccf99c555-fqvhb,izbp1gwb52uyj3g0wn52lez,2024-03-05 14:09:05
productpage-v1,reviews-v3,2024-03-05 14:09:05
productpage-v1,reviews-v1,2024-03-05 14:09:05
productpage-v1-7fb564989f-hm9g2,izbp1gwb52uyj3g0wn52lfz,2024-03-05 14:09:05
reviews-v3,ratings-v1,2024-03-05 14:09:05
details-v1-b788479c5-bbg6t,izbp1gwb52uyj3g0wn52lfz,2024-03-05 14:09:05
reviews-v2,ratings-v1,2024-03-05 14:09:05
productpage-v1,reviews-v2,2024-03-05 14:09:05
reviews-v1-7b76c4f45d-x9mxc,izbp16opgy3xucvexwqp9dz,2024-03-05 14:09:10
productpage-v1-7fb564989f-hm9g2,izbp1gwb52uyj3g0wn52lfz,2024-03-05 14:09:10
details-v1-b788479c5-bbg6t,izbp1gwb52uyj3g0wn52lfz,2024-03-05 14:09:10
ratings-v1-5b6b66f9b5-n4ddg,izbp16opgy3xucvexwqp9dz,2024-03-05 14:09:10
productpage-v1,details-v1,2024-03-05 14:09:10
productpage-v1,reviews-v1,2024-03-05 14:09:10
productpage-v1,reviews-v3,2024-03-05 14:09:10
reviews-v3,ratings-v1,2024-03-05 14:09:10
reviews-v2,ratings-v1,2024-03-05 14:09:10
productpage-v1,reviews-v2,2024-03-05 14:09:10
istio-ingressgateway,productpage-v1,2024-03-05 14:09:10
reviews-v2-6ccf99c555-fqvhb,izbp1gwb52uyj3g0wn52lez,2024-03-05 14:09:10
reviews-v3-5fd56449d8-tv4wp,izbp16opgy3xucvexwqp9dz,2024-03-05 14:09:10
productpage-v1,details-v1,2024-03-05 14:09:15
istio-ingressgateway,productpage-v1,2024-03-05 14:09:15
reviews-v2-6ccf99c555-fqvhb,izbp1gwb52uyj3g0wn52lez,2024-03-05 14:09:15
reviews-v3,ratings-v1,2024-03-05 14:09:15
reviews-v2,ratings-v1,2024-03-05 14:09:15
reviews-v3-5fd56449d8-tv4wp,izbp16opgy3xucvexwqp9dz,2024-03-05 14:09:15
details-v1-b788479c5-bbg6t,izbp1gwb52uyj3g0wn52lfz,2024-03-05 14:09:15
productpage-v1,reviews-v2,2024-03-05 14:09:15
ratings-v1-5b6b66f9b5-n4ddg,izbp16opgy3xucvexwqp9dz,2024-03-05 14:09:15
reviews-v1-7b76c4f45d-x9mxc,izbp16opgy3xucvexwqp9dz,2024-03-05 14:09:15
productpage-v1-7fb564989f-hm9g2,izbp1gwb52uyj3g0wn52lfz,2024-03-05 14:09:15
productpage-v1,reviews-v3,2024-03-05 14:09:15
productpage-v1,reviews-v1,2024-03-05 14:09:15
reviews-v3,ratings-v1,2024-03-05 14:09:20
reviews-v2-6ccf99c555-fqvhb,izbp1gwb52uyj3g0wn52lez,2024-03-05 14:09:20
productpage-v1-7fb564989f-hm9g2,izbp1gwb52uyj3g0wn52lfz,2024-03-05 14:09:20
productpage-v1,details-v1,2024-03-05 14:09:20
istio-ingressgateway,productpage-v1,2024-03-05 14:09:20
details-v1-b788479c5-bbg6t,izbp1gwb52uyj3g0wn52lfz,2024-03-05 14:09:20
productpage-v1,reviews-v3,2024-03-05 14:09:20
reviews-v2,ratings-v1,2024-03-05 14:09:20
productpage-v1,reviews-v2,2024-03-05 14:09:20
productpage-v1,reviews-v1,2024-03-05 14:09:20
ratings-v1-5b6b66f9b5-n4ddg,izbp16opgy3xucvexwqp9dz,2024-03-05 14:09:20
reviews-v3-5fd56449d8-tv4wp,izbp16opgy3xucvexwqp9dz,2024-03-05 14:09:20
reviews-v1-7b76c4f45d-x9mxc,izbp16opgy3xucvexwqp9dz,2024-03-05 14:09:20
reviews-v1-7b76c4f45d-x9mxc,izbp16opgy3xucvexwqp9dz,2024-03-05 14:09:25
ratings-v1-5b6b66f9b5-n4ddg,izbp16opgy3xucvexwqp9dz,2024-03-05 14:09:25
productpage-v1-7fb564989f-hm9g2,izbp1gwb52uyj3g0wn52lfz,2024-03-05 14:09:25
istio-ingressgateway,productpage-v1,2024-03-05 14:09:25
productpage-v1,details-v1,2024-03-05 14:09:25
productpage-v1,reviews-v2,2024-03-05 14:09:25
reviews-v2,ratings-v1,2024-03-05 14:09:25
productpage-v1,reviews-v1,2024-03-05 14:09:25
reviews-v3,ratings-v1,2024-03-05 14:09:25
productpage-v1,reviews-v3,2024-03-05 14:09:25
details-v1-b788479c5-bbg6t,izbp1gwb52uyj3g0wn52lfz,2024-03-05 14:09:25
reviews-v2-6ccf99c555-fqvhb,izbp1gwb52uyj3g0wn52lez,2024-03-05 14:09:25
reviews-v3-5fd56449d8-tv4wp,izbp16opgy3xucvexwqp9dz,2024-03-05 14:09:25
reviews-v2,ratings-v1,2024-03-05 14:09:30
reviews-v3-5fd56449d8-tv4wp,izbp16opgy3xucvexwqp9dz,2024-03-05 14:09:30
productpage-v1,reviews-v2,2024-03-05 14:09:30
details-v1-b788479c5-bbg6t,izbp1gwb52uyj3g0wn52lfz,2024-03-05 14:09:30
reviews-v2-6ccf99c555-fqvhb,izbp1gwb52uyj3g0wn52lez,2024-03-05 14:09:30
istio-ingressgateway,productpage-v1,2024-03-05 14:09:30
productpage-v1,details-v1,2024-03-05 14:09:30
reviews-v3,ratings-v1,2024-03-05 14:09:30
productpage-v1,reviews-v3,2024-03-05 14:09:30
reviews-v1-7b76c4f45d-x9mxc,izbp16opgy3xucvexwqp9dz,2024-03-05 14:09:30
productpage-v1,reviews-v1,2024-03-05 14:09:30
ratings-v1-5b6b66f9b5-n4ddg,izbp16opgy3xucvexwqp9dz,2024-03-05 14:09:30
productpage-v1-7fb564989f-hm9g2,izbp1gwb52uyj3g0wn52lfz,2024-03-05 14:09:30
details-v1-b788479c5-bbg6t,izbp1gwb52uyj3g0wn52lfz,2024-03-05 14:09:35
productpage-v1-7fb564989f-hm9g2,izbp1gwb52uyj3g0wn52lfz,2024-03-05 14:09:35
reviews-v2,ratings-v1,2024-03-05 14:09:35
productpage-v1,reviews-v2,2024-03-05 14:09:35
reviews-v2-6ccf99c555-fqvhb,izbp1gwb52uyj3g0wn52lez,2024-03-05 14:09:35
istio-ingressgateway,productpage-v1,2024-03-05 14:09:35
reviews-v1-7b76c4f45d-x9mxc,izbp16opgy3xucvexwqp9dz,2024-03-05 14:09:35
productpage-v1,reviews-v1,2024-03-05 14:09:35
ratings-v1-5b6b66f9b5-n4ddg,izbp16opgy3xucvexwqp9dz,2024-03-05 14:09:35
productpage-v1,details-v1,2024-03-05 14:09:35
productpage-v1,reviews-v3,2024-03-05 14:09:35
reviews-v3,ratings-v1,2024-03-05 14:09:35
reviews-v3-5fd56449d8-tv4wp,izbp16opgy3xucvexwqp9dz,2024-03-05 14:09:35
reviews-v3,ratings-v1,2024-03-05 14:09:40
reviews-v2,ratings-v1,2024-03-05 14:09:40
productpage-v1,reviews-v3,2024-03-05 14:09:40
productpage-v1,reviews-v2,2024-03-05 14:09:40
ratings-v1-5b6b66f9b5-n4ddg,izbp16opgy3xucvexwqp9dz,2024-03-05 14:09:40
istio-ingressgateway,productpage-v1,2024-03-05 14:09:40
productpage-v1,reviews-v1,2024-03-05 14:09:40
reviews-v2-6ccf99c555-fqvhb,izbp1gwb52uyj3g0wn52lez,2024-03-05 14:09:40
productpage-v1,details-v1,2024-03-05 14:09:40
reviews-v1-7b76c4f45d-x9mxc,izbp16opgy3xucvexwqp9dz,2024-03-05 14:09:40
productpage-v1-7fb564989f-hm9g2,izbp1gwb52uyj3g0wn52lfz,2024-03-05 14:09:40
reviews-v3-5fd56449d8-tv4wp,izbp16opgy3xucvexwqp9dz,2024-03-05 14:09:40
details-v1-b788479c5-bbg6t,izbp1gwb52uyj3g0wn52lfz,2024-03-05 14:09:40
reviews-v2,ratings-v1,2024-03-05 14:09:45
reviews-v3-5fd56449d8-tv4wp,izbp16opgy3xucvexwqp9dz,2024-03-05 14:09:45
istio-ingressgateway,productpage-v1,2024-03-05 14:09:45
productpage-v1,reviews-v1,2024-03-05 14:09:45
reviews-v2-6ccf99c555-fqvhb,izbp1gwb52uyj3g0wn52lez,2024-03-05 14:09:45
productpage-v1,reviews-v3,2024-03-05 14:09:45
productpage-v1,reviews-v2,2024-03-05 14:09:45
reviews-v3,ratings-v1,2024-03-05 14:09:45
details-v1-b788479c5-bbg6t,izbp1gwb52uyj3g0wn52lfz,2024-03-05 14:09:45
productpage-v1-7fb564989f-hm9g2,izbp1gwb52uyj3g0wn52lfz,2024-03-05 14:09:45
reviews-v1-7b76c4f45d-x9mxc,izbp16opgy3xucvexwqp9dz,2024-03-05 14:09:45
ratings-v1-5b6b66f9b5-n4ddg,izbp16opgy3xucvexwqp9dz,2024-03-05 14:09:45
productpage-v1,details-v1,2024-03-05 14:09:45
ratings-v1-5b6b66f9b5-n4ddg,izbp16opgy3xucvexwqp9dz,2024-03-05 14:09:50
productpage-v1,reviews-v2,2024-03-05 14:09:50
reviews-v2-6ccf99c555-fqvhb,izbp1gwb52uyj3g0wn52lez,2024-03-05 14:09:50
reviews-v3-5fd56449d8-tv4wp,izbp16opgy3xucvexwqp9dz,2024-03-05 14:09:50
reviews-v1-7b76c4f45d-x9mxc,izbp16opgy3xucvexwqp9dz,2024-03-05 14:09:50
reviews-v2,ratings-v1,2024-03-05 14:09:50
productpage-v1,details-v1,2024-03-05 14:09:50
istio-ingressgateway,productpage-v1,2024-03-05 14:09:50
productpage-v1,reviews-v1,2024-03-05 14:09:50
reviews-v3,ratings-v1,2024-03-05 14:09:50
details-v1-b788479c5-bbg6t,izbp1gwb52uyj3g0wn52lfz,2024-03-05 14:09:50
productpage-v1,reviews-v3,2024-03-05 14:09:50
productpage-v1-7fb564989f-hm9g2,izbp1gwb52uyj3g0wn52lfz,2024-03-05 14:09:50
istio-ingressgateway,productpage-v1,2024-03-05 14:09:55
ratings-v1-5b6b66f9b5-n4ddg,izbp16opgy3xucvexwqp9dz,2024-03-05 14:09:55
reviews-v3-5fd56449d8-tv4wp,izbp16opgy3xucvexwqp9dz,2024-03-05 14:09:55
reviews-v3,ratings-v1,2024-03-05 14:09:55
productpage-v1,reviews-v1,2024-03-05 14:09:55
productpage-v1,details-v1,2024-03-05 14:09:55
productpage-v1,reviews-v3,2024-03-05 14:09:55
reviews-v2,ratings-v1,2024-03-05 14:09:55
productpage-v1,reviews-v2,2024-03-05 14:09:55
reviews-v2-6ccf99c555-fqvhb,izbp1gwb52uyj3g0wn52lez,2024-03-05 14:09:55
productpage-v1-7fb564989f-hm9g2,izbp1gwb52uyj3g0wn52lfz,2024-03-05 14:09:55
details-v1-b788479c5-bbg6t,izbp1gwb52uyj3g0wn52lfz,2024-03-05 14:09:55
reviews-v1-7b76c4f45d-x9mxc,izbp16opgy3xucvexwqp9dz,2024-03-05 14:09:55
details-v1-b788479c5-bbg6t,izbp1gwb52uyj3g0wn52lfz,2024-03-05 14:10:00
ratings-v1-5b6b66f9b5-n4ddg,izbp16opgy3xucvexwqp9dz,2024-03-05 14:10:00
productpage-v1,reviews-v3,2024-03-05 14:10:00
reviews-v2-6ccf99c555-fqvhb,izbp1gwb52uyj3g0wn52lez,2024-03-05 14:10:00
productpage-v1,reviews-v2,2024-03-05 14:10:00
reviews-v1-7b76c4f45d-x9mxc,izbp16opgy3xucvexwqp9dz,2024-03-05 14:10:00
istio-ingressgateway,productpage-v1,2024-03-05 14:10:00
productpage-v1-7fb564989f-hm9g2,izbp1gwb52uyj3g0wn52lfz,2024-03-05 14:10:00
reviews-v2,ratings-v1,2024-03-05 14:10:00
reviews-v3-5fd56449d8-tv4wp,izbp16opgy3xucvexwqp9dz,2024-03-05 14:10:00
productpage-v1,details-v1,2024-03-05 14:10:00
reviews-v3,ratings-v1,2024-03-05 14:10:00
productpage-v1,reviews-v1,2024-03-05 14:10:00
productpage-v1,reviews-v1,2024-03-05 14:10:05
reviews-v2,ratings-v1,2024-03-05 14:10:05
reviews-v3-5fd56449d8-tv4wp,izbp16opgy3xucvexwqp9dz,2024-03-05 14:10:05
productpage-v1,reviews-v3,2024-03-05 14:10:05
reviews-v2-6ccf99c555-fqvhb,izbp1gwb52uyj3g0wn52lez,2024-03-05 14:10:05
ratings-v1-5b6b66f9b5-n4ddg,izbp16opgy3xucvexwqp9dz,2024-03-05 14:10:05
reviews-v1-7b76c4f45d-x9mxc,izbp16opgy3xucvexwqp9dz,2024-03-05 14:10:05
productpage-v1-7fb564989f-hm9g2,izbp1gwb52uyj3g0wn52lfz,2024-03-05 14:10:05
details-v1-b788479c5-bbg6t,izbp1gwb52uyj3g0wn52lfz,2024-03-05 14:10:05
productpage-v1,details-v1,2024-03-05 14:10:05
reviews-v3,ratings-v1,2024-03-05 14:10:05
istio-ingressgateway,productpage-v1,2024-03-05 14:10:05
productpage-v1,reviews-v2,2024-03-05 14:10:05
reviews-v3-5fd56449d8-tv4wp,izbp16opgy3xucvexwqp9dz,2024-03-05 14:10:10
reviews-v2-6ccf99c555-fqvhb,izbp1gwb52uyj3g0wn52lez,2024-03-05 14:10:10
productpage-v1,details-v1,2024-03-05 14:10:10
istio-ingressgateway,productpage-v1,2024-03-05 14:10:10
reviews-v2,ratings-v1,2024-03-05 14:10:10
productpage-v1,reviews-v1,2024-03-05 14:10:10
productpage-v1,reviews-v3,2024-03-05 14:10:10
reviews-v1-7b76c4f45d-x9mxc,izbp16opgy3xucvexwqp9dz,2024-03-05 14:10:10
productpage-v1-7fb564989f-hm9g2,izbp1gwb52uyj3g0wn52lfz,2024-03-05 14:10:10
details-v1-b788479c5-bbg6t,izbp1gwb52uyj3g0wn52lfz,2024-03-05 14:10:10
reviews-v3,ratings-v1,2024-03-05 14:10:10
productpage-v1,reviews-v2,2024-03-05 14:10:10
ratings-v1-5b6b66f9b5-n4ddg,izbp16opgy3xucvexwqp9dz,2024-03-05 14:10:10
reviews-v1-7b76c4f45d-x9mxc,izbp16opgy3xucvexwqp9dz,2024-03-05 14:10:15
reviews-v3-5fd56449d8-tv4wp,izbp16opgy3xucvexwqp9dz,2024-03-05 14:10:15
reviews-v2-6ccf99c555-fqvhb,izbp1gwb52uyj3g0wn52lez,2024-03-05 14:10:15
productpage-v1-7fb564989f-hm9g2,izbp1gwb52uyj3g0wn52lfz,2024-03-05 14:10:15
details-v1-b788479c5-bbg6t,izbp1gwb52uyj3g0wn52lfz,2024-03-05 14:10:15
productpage-v1,reviews-v3,2024-03-05 14:10:15
productpage-v1,details-v1,2024-03-05 14:10:15
reviews-v2,ratings-v1,2024-03-05 14:10:15
ratings-v1-5b6b66f9b5-n4ddg,izbp16opgy3xucvexwqp9dz,2024-03-05 14:10:15
productpage-v1,reviews-v1,2024-03-05 14:10:15
istio-ingressgateway,productpage-v1,2024-03-05 14:10:15
reviews-v3,ratings-v1,2024-03-05 14:10:15
productpage-v1,reviews-v2,2024-03-05 14:10:15
istio-ingressgateway,productpage-v1,2024-03-05 14:10:20
productpage-v1,details-v1,2024-03-05 14:10:20
reviews-v2,ratings-v1,2024-03-05 14:10:20
reviews-v2-6ccf99c555-fqvhb,izbp1gwb52uyj3g0wn52lez,2024-03-05 14:10:20
productpage-v1-7fb564989f-hm9g2,izbp1gwb52uyj3g0wn52lfz,2024-03-05 14:10:20
ratings-v1-5b6b66f9b5-n4ddg,izbp16opgy3xucvexwqp9dz,2024-03-05 14:10:20
productpage-v1,reviews-v3,2024-03-05 14:10:20
reviews-v3,ratings-v1,2024-03-05 14:10:20
reviews-v1-7b76c4f45d-x9mxc,izbp16opgy3xucvexwqp9dz,2024-03-05 14:10:20
productpage-v1,reviews-v1,2024-03-05 14:10:20
productpage-v1,reviews-v2,2024-03-05 14:10:20
reviews-v3-5fd56449d8-tv4wp,izbp16opgy3xucvexwqp9dz,2024-03-05 14:10:20
details-v1-b788479c5-bbg6t,izbp1gwb52uyj3g0wn52lfz,2024-03-05 14:10:20
reviews-v3,ratings-v1,2024-03-05 14:10:25
ratings-v1-5b6b66f9b5-n4ddg,izbp16opgy3xucvexwqp9dz,2024-03-05 14:10:25
productpage-v1-7fb564989f-hm9g2,izbp1gwb52uyj3g0wn52lfz,2024-03-05 14:10:25
istio-ingressgateway,productpage-v1,2024-03-05 14:10:25
reviews-v3-5fd56449d8-tv4wp,izbp16opgy3xucvexwqp9dz,2024-03-05 14:10:25
productpage-v1,reviews-v1,2024-03-05 14:10:25
productpage-v1,reviews-v3,2024-03-05 14:10:25
productpage-v1,reviews-v2,2024-03-05 14:10:25
details-v1-b788479c5-bbg6t,izbp1gwb52uyj3g0wn52lfz,2024-03-05 14:10:25
reviews-v1-7b76c4f45d-x9mxc,izbp16opgy3xucvexwqp9dz,2024-03-05 14:10:25
reviews-v2,ratings-v1,2024-03-05 14:10:25
productpage-v1,details-v1,2024-03-05 14:10:25
reviews-v2-6ccf99c555-fqvhb,izbp1gwb52uyj3g0wn52lez,2024-03-05 14:10:25
reviews-v2-6ccf99c555-fqvhb,izbp1gwb52uyj3g0wn52lez,2024-03-05 14:10:30
istio-ingressgateway,productpage-v1,2024-03-05 14:10:30
details-v1-b788479c5-bbg6t,izbp1gwb52uyj3g0wn52lfz,2024-03-05 14:10:30
productpage-v1,reviews-v1,2024-03-05 14:10:30
ratings-v1-5b6b66f9b5-n4ddg,izbp16opgy3xucvexwqp9dz,2024-03-05 14:10:30
productpage-v1,reviews-v2,2024-03-05 14:10:30
reviews-v2,ratings-v1,2024-03-05 14:10:30
reviews-v3-5fd56449d8-tv4wp,izbp16opgy3xucvexwqp9dz,2024-03-05 14:10:30
reviews-v1-7b76c4f45d-x9mxc,izbp16opgy3xucvexwqp9dz,2024-03-05 14:10:30
productpage-v1-7fb564989f-hm9g2,izbp1gwb52uyj3g0wn52lfz,2024-03-05 14:10:30
productpage-v1,details-v1,2024-03-05 14:10:30
reviews-v3,ratings-v1,2024-03-05 14:10:30
productpage-v1,reviews-v3,2024-03-05 14:10:30
productpage-v1,reviews-v3,2024-03-05 14:10:35
productpage-v1,reviews-v2,2024-03-05 14:10:35
reviews-v2,ratings-v1,2024-03-05 14:10:35
details-v1-b788479c5-bbg6t,izbp1gwb52uyj3g0wn52lfz,2024-03-05 14:10:35
reviews-v3,ratings-v1,2024-03-05 14:10:35
reviews-v1-7b76c4f45d-x9mxc,izbp16opgy3xucvexwqp9dz,2024-03-05 14:10:35
istio-ingressgateway,productpage-v1,2024-03-05 14:10:35
productpage-v1-7fb564989f-hm9g2,izbp1gwb52uyj3g0wn52lfz,2024-03-05 14:10:35
reviews-v3-5fd56449d8-tv4wp,izbp16opgy3xucvexwqp9dz,2024-03-05 14:10:35
reviews-v2-6ccf99c555-fqvhb,izbp1gwb52uyj3g0wn52lez,2024-03-05 14:10:35
productpage-v1,details-v1,2024-03-05 14:10:35
productpage-v1,reviews-v1,2024-03-05 14:10:35
ratings-v1-5b6b66f9b5-n4ddg,izbp16opgy3xucvexwqp9dz,2024-03-05 14:10:35
reviews-v2-6ccf99c555-fqvhb,izbp1gwb52uyj3g0wn52lez,2024-03-05 14:10:40
reviews-v3,ratings-v1,2024-03-05 14:10:40
productpage-v1,reviews-v3,2024-03-05 14:10:40
details-v1-b788479c5-bbg6t,izbp1gwb52uyj3g0wn52lfz,2024-03-05 14:10:40
reviews-v1-7b76c4f45d-x9mxc,izbp16opgy3xucvexwqp9dz,2024-03-05 14:10:40
productpage-v1,details-v1,2024-03-05 14:10:40
productpage-v1-7fb564989f-hm9g2,izbp1gwb52uyj3g0wn52lfz,2024-03-05 14:10:40
reviews-v2,ratings-v1,2024-03-05 14:10:40
istio-ingressgateway,productpage-v1,2024-03-05 14:10:40
reviews-v3-5fd56449d8-tv4wp,izbp16opgy3xucvexwqp9dz,2024-03-05 14:10:40
productpage-v1,reviews-v2,2024-03-05 14:10:40
ratings-v1-5b6b66f9b5-n4ddg,izbp16opgy3xucvexwqp9dz,2024-03-05 14:10:40
productpage-v1,reviews-v1,2024-03-05 14:10:40
details-v1-b788479c5-bbg6t,izbp1gwb52uyj3g0wn52lfz,2024-03-05 14:10:45
reviews-v1-7b76c4f45d-x9mxc,izbp16opgy3xucvexwqp9dz,2024-03-05 14:10:45
reviews-v3-5fd56449d8-tv4wp,izbp16opgy3xucvexwqp9dz,2024-03-05 14:10:45
reviews-v3,ratings-v1,2024-03-05 14:10:45
productpage-v1-7fb564989f-hm9g2,izbp1gwb52uyj3g0wn52lfz,2024-03-05 14:10:45
productpage-v1,reviews-v2,2024-03-05 14:10:45
productpage-v1,reviews-v3,2024-03-05 14:10:45
productpage-v1,details-v1,2024-03-05 14:10:45
istio-ingressgateway,productpage-v1,2024-03-05 14:10:45
reviews-v2,ratings-v1,2024-03-05 14:10:45
productpage-v1,reviews-v1,2024-03-05 14:10:45
ratings-v1-5b6b66f9b5-n4ddg,izbp16opgy3xucvexwqp9dz,2024-03-05 14:10:45
reviews-v2-6ccf99c555-fqvhb,izbp1gwb52uyj3g0wn52lez,2024-03-05 14:10:45
details-v1-b788479c5-bbg6t,izbp1gwb52uyj3g0wn52lfz,2024-03-05 14:10:50
reviews-v2-6ccf99c555-fqvhb,izbp1gwb52uyj3g0wn52lez,2024-03-05 14:10:50
productpage-v1,details-v1,2024-03-05 14:10:50
reviews-v3-5fd56449d8-tv4wp,izbp16opgy3xucvexwqp9dz,2024-03-05 14:10:50
reviews-v1-7b76c4f45d-x9mxc,izbp16opgy3xucvexwqp9dz,2024-03-05 14:10:50
istio-ingressgateway,productpage-v1,2024-03-05 14:10:50
productpage-v1-7fb564989f-hm9g2,izbp1gwb52uyj3g0wn52lfz,2024-03-05 14:10:50
reviews-v3,ratings-v1,2024-03-05 14:10:50
productpage-v1,reviews-v1,2024-03-05 14:10:50
ratings-v1-5b6b66f9b5-n4ddg,izbp16opgy3xucvexwqp9dz,2024-03-05 14:10:50
productpage-v1,reviews-v3,2024-03-05 14:10:50
productpage-v1,reviews-v2,2024-03-05 14:10:50
reviews-v2,ratings-v1,2024-03-05 14:10:50
productpage-v1,reviews-v2,2024-03-05 14:10:55
details-v1-b788479c5-bbg6t,izbp1gwb52uyj3g0wn52lfz,2024-03-05 14:10:55
ratings-v1-5b6b66f9b5-n4ddg,izbp16opgy3xucvexwqp9dz,2024-03-05 14:10:55
reviews-v3,ratings-v1,2024-03-05 14:10:55
reviews-v2-6ccf99c555-fqvhb,izbp1gwb52uyj3g0wn52lez,2024-03-05 14:10:55
productpage-v1-7fb564989f-hm9g2,izbp1gwb52uyj3g0wn52lfz,2024-03-05 14:10:55
productpage-v1,reviews-v3,2024-03-05 14:10:55
istio-ingressgateway,productpage-v1,2024-03-05 14:10:55
productpage-v1,reviews-v1,2024-03-05 14:10:55
reviews-v2,ratings-v1,2024-03-05 14:10:55
reviews-v3-5fd56449d8-tv4wp,izbp16opgy3xucvexwqp9dz,2024-03-05 14:10:55
reviews-v1-7b76c4f45d-x9mxc,izbp16opgy3xucvexwqp9dz,2024-03-05 14:10:55
productpage-v1,details-v1,2024-03-05 14:10:55
productpage-v1,reviews-v1,2024-03-05 14:11:00
productpage-v1,reviews-v3,2024-03-05 14:11:00
reviews-v2-6ccf99c555-fqvhb,izbp1gwb52uyj3g0wn52lez,2024-03-05 14:11:00
productpage-v1,reviews-v2,2024-03-05 14:11:00
details-v1-b788479c5-bbg6t,izbp1gwb52uyj3g0wn52lfz,2024-03-05 14:11:00
reviews-v3-5fd56449d8-tv4wp,izbp16opgy3xucvexwqp9dz,2024-03-05 14:11:00
productpage-v1,details-v1,2024-03-05 14:11:00
productpage-v1-7fb564989f-hm9g2,izbp1gwb52uyj3g0wn52lfz,2024-03-05 14:11:00
reviews-v2,ratings-v1,2024-03-05 14:11:00
istio-ingressgateway,productpage-v1,2024-03-05 14:11:00
ratings-v1-5b6b66f9b5-n4ddg,izbp16opgy3xucvexwqp9dz,2024-03-05 14:11:00
reviews-v3,ratings-v1,2024-03-05 14:11:00
reviews-v1-7b76c4f45d-x9mxc,izbp16opgy3xucvexwqp9dz,2024-03-05 14:11:00
reviews-v3-5fd56449d8-tv4wp,izbp16opgy3xucvexwqp9dz,2024-03-05 14:11:05
reviews-v2,ratings-v1,2024-03-05 14:11:05
productpage-v1,details-v1,2024-03-05 14:11:05
istio-ingressgateway,productpage-v1,2024-03-05 14:11:05
productpage-v1,reviews-v1,2024-03-05 14:11:05
reviews-v1-7b76c4f45d-x9mxc,izbp16opgy3xucvexwqp9dz,2024-03-05 14:11:05
productpage-v1,reviews-v2,2024-03-05 14:11:05
productpage-v1,reviews-v3,2024-03-05 14:11:05
productpage-v1-7fb564989f-hm9g2,izbp1gwb52uyj3g0wn52lfz,2024-03-05 14:11:05
reviews-v2-6ccf99c555-fqvhb,izbp1gwb52uyj3g0wn52lez,2024-03-05 14:11:05
ratings-v1-5b6b66f9b5-n4ddg,izbp16opgy3xucvexwqp9dz,2024-03-05 14:11:05
details-v1-b788479c5-bbg6t,izbp1gwb52uyj3g0wn52lfz,2024-03-05 14:11:05
reviews-v3,ratings-v1,2024-03-05 14:11:05
productpage-v1-7fb564989f-hm9g2,izbp1gwb52uyj3g0wn52lfz,2024-03-05 14:11:10
ratings-v1-5b6b66f9b5-n4ddg,izbp16opgy3xucvexwqp9dz,2024-03-05 14:11:10
reviews-v2-6ccf99c555-fqvhb,izbp1gwb52uyj3g0wn52lez,2024-03-05 14:11:10
reviews-v3,ratings-v1,2024-03-05 14:11:10
productpage-v1,details-v1,2024-03-05 14:11:10
reviews-v1-7b76c4f45d-x9mxc,izbp16opgy3xucvexwqp9dz,2024-03-05 14:11:10
reviews-v2,ratings-v1,2024-03-05 14:11:10
reviews-v3-5fd56449d8-tv4wp,izbp16opgy3xucvexwqp9dz,2024-03-05 14:11:10
productpage-v1,reviews-v2,2024-03-05 14:11:10
istio-ingressgateway,productpage-v1,2024-03-05 14:11:10
productpage-v1,reviews-v3,2024-03-05 14:11:10
productpage-v1,reviews-v1,2024-03-05 14:11:10
details-v1-b788479c5-bbg6t,izbp1gwb52uyj3g0wn52lfz,2024-03-05 14:11:10
reviews-v2,ratings-v1,2024-03-05 14:11:15
istio-ingressgateway,productpage-v1,2024-03-05 14:11:15
ratings-v1-5b6b66f9b5-n4ddg,izbp16opgy3xucvexwqp9dz,2024-03-05 14:11:15
productpage-v1,reviews-v1,2024-03-05 14:11:15
reviews-v3-5fd56449d8-tv4wp,izbp16opgy3xucvexwqp9dz,2024-03-05 14:11:15
productpage-v1-7fb564989f-hm9g2,izbp1gwb52uyj3g0wn52lfz,2024-03-05 14:11:15
productpage-v1,details-v1,2024-03-05 14:11:15
productpage-v1,reviews-v2,2024-03-05 14:11:15
details-v1-b788479c5-bbg6t,izbp1gwb52uyj3g0wn52lfz,2024-03-05 14:11:15
reviews-v2-6ccf99c555-fqvhb,izbp1gwb52uyj3g0wn52lez,2024-03-05 14:11:15
reviews-v3,ratings-v1,2024-03-05 14:11:15
reviews-v1-7b76c4f45d-x9mxc,izbp16opgy3xucvexwqp9dz,2024-03-05 14:11:15
productpage-v1,reviews-v3,2024-03-05 14:11:15
productpage-v1-7fb564989f-hm9g2,izbp1gwb52uyj3g0wn52lfz,2024-03-05 14:11:20
productpage-v1,reviews-v2,2024-03-05 14:11:20
istio-ingressgateway,productpage-v1,2024-03-05 14:11:20
productpage-v1,reviews-v1,2024-03-05 14:11:20
reviews-v1-7b76c4f45d-x9mxc,izbp16opgy3xucvexwqp9dz,2024-03-05 14:11:20
ratings-v1-5b6b66f9b5-n4ddg,izbp16opgy3xucvexwqp9dz,2024-03-05 14:11:20
reviews-v2-6ccf99c555-fqvhb,izbp1gwb52uyj3g0wn52lez,2024-03-05 14:11:20
details-v1-b788479c5-bbg6t,izbp1gwb52uyj3g0wn52lfz,2024-03-05 14:11:20
reviews-v3-5fd56449d8-tv4wp,izbp16opgy3xucvexwqp9dz,2024-03-05 14:11:20
productpage-v1,reviews-v3,2024-03-05 14:11:20
reviews-v3,ratings-v1,2024-03-05 14:11:20
reviews-v2,ratings-v1,2024-03-05 14:11:20
productpage-v1,details-v1,2024-03-05 14:11:20
reviews-v2,ratings-v1,2024-03-05 14:11:25
reviews-v2-6ccf99c555-fqvhb,izbp1gwb52uyj3g0wn52lez,2024-03-05 14:11:25
reviews-v3,ratings-v1,2024-03-05 14:11:25
ratings-v1-5b6b66f9b5-n4ddg,izbp16opgy3xucvexwqp9dz,2024-03-05 14:11:25
productpage-v1,reviews-v2,2024-03-05 14:11:25
istio-ingressgateway,productpage-v1,2024-03-05 14:11:25
productpage-v1,details-v1,2024-03-05 14:11:25
reviews-v1-7b76c4f45d-x9mxc,izbp16opgy3xucvexwqp9dz,2024-03-05 14:11:25
productpage-v1,reviews-v3,2024-03-05 14:11:25
details-v1-b788479c5-bbg6t,izbp1gwb52uyj3g0wn52lfz,2024-03-05 14:11:25
productpage-v1-7fb564989f-hm9g2,izbp1gwb52uyj3g0wn52lfz,2024-03-05 14:11:25
reviews-v3-5fd56449d8-tv4wp,izbp16opgy3xucvexwqp9dz,2024-03-05 14:11:25
productpage-v1,reviews-v1,2024-03-05 14:11:25
ratings-v1-5b6b66f9b5-n4ddg,izbp16opgy3xucvexwqp9dz,2024-03-05 14:11:30
reviews-v2-6ccf99c555-fqvhb,izbp1gwb52uyj3g0wn52lez,2024-03-05 14:11:30
productpage-v1,reviews-v2,2024-03-05 14:11:30
productpage-v1-7fb564989f-hm9g2,izbp1gwb52uyj3g0wn52lfz,2024-03-05 14:11:30
reviews-v1-7b76c4f45d-x9mxc,izbp16opgy3xucvexwqp9dz,2024-03-05 14:11:30
details-v1-b788479c5-tzgsw,izbp16opgy3xucvexwqp9dz,2024-03-05 14:11:30
productpage-v1,reviews-v1,2024-03-05 14:11:30
reviews-v3,ratings-v1,2024-03-05 14:11:30
istio-ingressgateway,productpage-v1,2024-03-05 14:11:30
reviews-v3-5fd56449d8-tv4wp,izbp16opgy3xucvexwqp9dz,2024-03-05 14:11:30
productpage-v1,reviews-v3,2024-03-05 14:11:30
details-v1-b788479c5-bbg6t,izbp1gwb52uyj3g0wn52lfz,2024-03-05 14:11:30
reviews-v2,ratings-v1,2024-03-05 14:11:30
productpage-v1,details-v1,2024-03-05 14:11:30
productpage-v1,details-v1,2024-03-05 14:11:35
productpage-v1,reviews-v1,2024-03-05 14:11:35
reviews-v3-5fd56449d8-tv4wp,izbp16opgy3xucvexwqp9dz,2024-03-05 14:11:35
istio-ingressgateway,productpage-v1,2024-03-05 14:11:35
productpage-v1-7fb564989f-hm9g2,izbp1gwb52uyj3g0wn52lfz,2024-03-05 14:11:35
details-v1-b788479c5-bbg6t,izbp1gwb52uyj3g0wn52lfz,2024-03-05 14:11:35
reviews-v2-6ccf99c555-fqvhb,izbp1gwb52uyj3g0wn52lez,2024-03-05 14:11:35
ratings-v1-5b6b66f9b5-n4ddg,izbp16opgy3xucvexwqp9dz,2024-03-05 14:11:35
reviews-v1-7b76c4f45d-x9mxc,izbp16opgy3xucvexwqp9dz,2024-03-05 14:11:35
reviews-v2,ratings-v1,2024-03-05 14:11:35
productpage-v1,reviews-v2,2024-03-05 14:11:35
productpage-v1,reviews-v3,2024-03-05 14:11:35
reviews-v3,ratings-v1,2024-03-05 14:11:35
details-v1-b788479c5-tzgsw,izbp16opgy3xucvexwqp9dz,2024-03-05 14:11:35
reviews-v1-7b76c4f45d-x9mxc,izbp16opgy3xucvexwqp9dz,2024-03-05 14:11:40
details-v1-b788479c5-tzgsw,izbp16opgy3xucvexwqp9dz,2024-03-05 14:11:40
reviews-v3-5fd56449d8-tv4wp,izbp16opgy3xucvexwqp9dz,2024-03-05 14:11:40
productpage-v1,details-v1,2024-03-05 14:11:40
reviews-v3,ratings-v1,2024-03-05 14:11:40
reviews-v2,ratings-v1,2024-03-05 14:11:40
productpage-v1,reviews-v3,2024-03-05 14:11:40
details-v1-b788479c5-bbg6t,izbp1gwb52uyj3g0wn52lfz,2024-03-05 14:11:40
productpage-v1,reviews-v2,2024-03-05 14:11:40
istio-ingressgateway,productpage-v1,2024-03-05 14:11:40
productpage-v1-7fb564989f-hm9g2,izbp1gwb52uyj3g0wn52lfz,2024-03-05 14:11:40
ratings-v1-5b6b66f9b5-n4ddg,izbp16opgy3xucvexwqp9dz,2024-03-05 14:11:40
reviews-v2-6ccf99c555-fqvhb,izbp1gwb52uyj3g0wn52lez,2024-03-05 14:11:40
productpage-v1,reviews-v1,2024-03-05 14:11:40
reviews-v2-6ccf99c555-fqvhb,izbp1gwb52uyj3g0wn52lez,2024-03-05 14:11:45
reviews-v2,ratings-v1,2024-03-05 14:11:45
details-v1-b788479c5-bbg6t,izbp1gwb52uyj3g0wn52lfz,2024-03-05 14:11:45
productpage-v1,details-v1,2024-03-05 14:11:45
istio-ingressgateway,productpage-v1,2024-03-05 14:11:45
details-v1-b788479c5-tzgsw,izbp16opgy3xucvexwqp9dz,2024-03-05 14:11:45
reviews-v3-5fd56449d8-tv4wp,izbp16opgy3xucvexwqp9dz,2024-03-05 14:11:45
reviews-v1-7b76c4f45d-x9mxc,izbp16opgy3xucvexwqp9dz,2024-03-05 14:11:45
reviews-v3,ratings-v1,2024-03-05 14:11:45
productpage-v1,reviews-v3,2024-03-05 14:11:45
productpage-v1,reviews-v2,2024-03-05 14:11:45
productpage-v1-7fb564989f-hm9g2,izbp1gwb52uyj3g0wn52lfz,2024-03-05 14:11:45
ratings-v1-5b6b66f9b5-n4ddg,izbp16opgy3xucvexwqp9dz,2024-03-05 14:11:45
productpage-v1,reviews-v1,2024-03-05 14:11:45
productpage-v1,reviews-v1,2024-03-05 14:11:50
reviews-v3,ratings-v1,2024-03-05 14:11:50
reviews-v2,ratings-v1,2024-03-05 14:11:50
productpage-v1,details-v1,2024-03-05 14:11:50
productpage-v1-7fb564989f-hm9g2,izbp1gwb52uyj3g0wn52lfz,2024-03-05 14:11:50
details-v1-b788479c5-bbg6t,izbp1gwb52uyj3g0wn52lfz,2024-03-05 14:11:50
istio-ingressgateway,productpage-v1,2024-03-05 14:11:50
reviews-v3-5fd56449d8-tv4wp,izbp16opgy3xucvexwqp9dz,2024-03-05 14:11:50
ratings-v1-5b6b66f9b5-n4ddg,izbp16opgy3xucvexwqp9dz,2024-03-05 14:11:50
productpage-v1,reviews-v3,2024-03-05 14:11:50
reviews-v1-7b76c4f45d-x9mxc,izbp16opgy3xucvexwqp9dz,2024-03-05 14:11:50
reviews-v2-6ccf99c555-fqvhb,izbp1gwb52uyj3g0wn52lez,2024-03-05 14:11:50
details-v1-b788479c5-tzgsw,izbp16opgy3xucvexwqp9dz,2024-03-05 14:11:50
productpage-v1,reviews-v2,2024-03-05 14:11:50
ratings-v1-5b6b66f9b5-n4ddg,izbp16opgy3xucvexwqp9dz,2024-03-05 14:11:55
reviews-v3-5fd56449d8-tv4wp,izbp16opgy3xucvexwqp9dz,2024-03-05 14:11:55
productpage-v1,reviews-v1,2024-03-05 14:11:55
details-v1-b788479c5-tzgsw,izbp16opgy3xucvexwqp9dz,2024-03-05 14:11:55
reviews-v2-6ccf99c555-fqvhb,izbp1gwb52uyj3g0wn52lez,2024-03-05 14:11:55
productpage-v1-7fb564989f-hm9g2,izbp1gwb52uyj3g0wn52lfz,2024-03-05 14:11:55
reviews-v2,ratings-v1,2024-03-05 14:11:55
productpage-v1,details-v1,2024-03-05 14:11:55
productpage-v1,reviews-v2,2024-03-05 14:11:55
details-v1-b788479c5-bbg6t,izbp1gwb52uyj3g0wn52lfz,2024-03-05 14:11:55
istio-ingressgateway,productpage-v1,2024-03-05 14:11:55
reviews-v3,ratings-v1,2024-03-05 14:11:55
productpage-v1,reviews-v3,2024-03-05 14:11:55
reviews-v1-7b76c4f45d-x9mxc,izbp16opgy3xucvexwqp9dz,2024-03-05 14:11:55
productpage-v1-7fb564989f-hm9g2,izbp1gwb52uyj3g0wn52lfz,2024-03-05 14:12:00
istio-ingressgateway,productpage-v1,2024-03-05 14:12:00
reviews-v3-5fd56449d8-tv4wp,izbp16opgy3xucvexwqp9dz,2024-03-05 14:12:00
productpage-v1,reviews-v2,2024-03-05 14:12:00
reviews-v2,ratings-v1,2024-03-05 14:12:00
reviews-v1-7b76c4f45d-x9mxc,izbp16opgy3xucvexwqp9dz,2024-03-05 14:12:00
productpage-v1,reviews-v1,2024-03-05 14:12:00
details-v1-b788479c5-tzgsw,izbp16opgy3xucvexwqp9dz,2024-03-05 14:12:00
productpage-v1,details-v1,2024-03-05 14:12:00
details-v1-b788479c5-bbg6t,izbp1gwb52uyj3g0wn52lfz,2024-03-05 14:12:00
ratings-v1-5b6b66f9b5-n4ddg,izbp16opgy3xucvexwqp9dz,2024-03-05 14:12:00
reviews-v2-6ccf99c555-fqvhb,izbp1gwb52uyj3g0wn52lez,2024-03-05 14:12:00
reviews-v3,ratings-v1,2024-03-05 14:12:00
productpage-v1,reviews-v3,2024-03-05 14:12:00
productpage-v1,reviews-v3,2024-03-05 14:12:05
ratings-v1-5b6b66f9b5-n4ddg,izbp16opgy3xucvexwqp9dz,2024-03-05 14:12:05
productpage-v1,details-v1,2024-03-05 14:12:05
productpage-v1,reviews-v2,2024-03-05 14:12:05
reviews-v3-5fd56449d8-tv4wp,izbp16opgy3xucvexwqp9dz,2024-03-05 14:12:05
productpage-v1,reviews-v1,2024-03-05 14:12:05
details-v1-b788479c5-tzgsw,izbp16opgy3xucvexwqp9dz,2024-03-05 14:12:05
productpage-v1-7fb564989f-hm9g2,izbp1gwb52uyj3g0wn52lfz,2024-03-05 14:12:05
reviews-v2,ratings-v1,2024-03-05 14:12:05
details-v1-b788479c5-bbg6t,izbp1gwb52uyj3g0wn52lfz,2024-03-05 14:12:05
reviews-v1-7b76c4f45d-x9mxc,izbp16opgy3xucvexwqp9dz,2024-03-05 14:12:05
reviews-v3,ratings-v1,2024-03-05 14:12:05
istio-ingressgateway,productpage-v1,2024-03-05 14:12:05
reviews-v2-6ccf99c555-fqvhb,izbp1gwb52uyj3g0wn52lez,2024-03-05 14:12:05
details-v1-b788479c5-tzgsw,izbp16opgy3xucvexwqp9dz,2024-03-05 14:12:10
reviews-v2-6ccf99c555-fqvhb,izbp1gwb52uyj3g0wn52lez,2024-03-05 14:12:10
productpage-v1,details-v1,2024-03-05 14:12:10
reviews-v1-7b76c4f45d-x9mxc,izbp16opgy3xucvexwqp9dz,2024-03-05 14:12:10
productpage-v1,reviews-v3,2024-03-05 14:12:10
productpage-v1,reviews-v2,2024-03-05 14:12:10
reviews-v3,ratings-v1,2024-03-05 14:12:10
reviews-v3-5fd56449d8-tv4wp,izbp16opgy3xucvexwqp9dz,2024-03-05 14:12:10
productpage-v1,reviews-v1,2024-03-05 14:12:10
productpage-v1-7fb564989f-hm9g2,izbp1gwb52uyj3g0wn52lfz,2024-03-05 14:12:10
reviews-v2,ratings-v1,2024-03-05 14:12:10
details-v1-b788479c5-bbg6t,izbp1gwb52uyj3g0wn52lfz,2024-03-05 14:12:10
istio-ingressgateway,productpage-v1,2024-03-05 14:12:10
ratings-v1-5b6b66f9b5-n4ddg,izbp16opgy3xucvexwqp9dz,2024-03-05 14:12:10
productpage-v1,reviews-v3,2024-03-05 14:12:15
details-v1-b788479c5-tzgsw,izbp16opgy3xucvexwqp9dz,2024-03-05 14:12:15
details-v1-b788479c5-bbg6t,izbp1gwb52uyj3g0wn52lfz,2024-03-05 14:12:15
reviews-v2,ratings-v1,2024-03-05 14:12:15
reviews-v3,ratings-v1,2024-03-05 14:12:15
reviews-v1-7b76c4f45d-x9mxc,izbp16opgy3xucvexwqp9dz,2024-03-05 14:12:15
productpage-v1-7fb564989f-hm9g2,izbp1gwb52uyj3g0wn52lfz,2024-03-05 14:12:15
istio-ingressgateway,productpage-v1,2024-03-05 14:12:15
productpage-v1,reviews-v2,2024-03-05 14:12:15
ratings-v1-5b6b66f9b5-n4ddg,izbp16opgy3xucvexwqp9dz,2024-03-05 14:12:15
productpage-v1,details-v1,2024-03-05 14:12:15
productpage-v1,reviews-v1,2024-03-05 14:12:15
reviews-v2-6ccf99c555-fqvhb,izbp1gwb52uyj3g0wn52lez,2024-03-05 14:12:15
reviews-v3-5fd56449d8-tv4wp,izbp16opgy3xucvexwqp9dz,2024-03-05 14:12:15
productpage-v1,reviews-v1,2024-03-05 14:12:20
reviews-v1-7b76c4f45d-x9mxc,izbp16opgy3xucvexwqp9dz,2024-03-05 14:12:20
productpage-v1,reviews-v3,2024-03-05 14:12:20
reviews-v3-5fd56449d8-tv4wp,izbp16opgy3xucvexwqp9dz,2024-03-05 14:12:20
details-v1-b788479c5-bbg6t,izbp1gwb52uyj3g0wn52lfz,2024-03-05 14:12:20
reviews-v2,ratings-v1,2024-03-05 14:12:20
istio-ingressgateway,productpage-v1,2024-03-05 14:12:20
productpage-v1-7fb564989f-hm9g2,izbp1gwb52uyj3g0wn52lfz,2024-03-05 14:12:20
productpage-v1,reviews-v2,2024-03-05 14:12:20
details-v1-b788479c5-tzgsw,izbp16opgy3xucvexwqp9dz,2024-03-05 14:12:20
reviews-v3,ratings-v1,2024-03-05 14:12:20
ratings-v1-5b6b66f9b5-n4ddg,izbp16opgy3xucvexwqp9dz,2024-03-05 14:12:20
productpage-v1,details-v1,2024-03-05 14:12:20
reviews-v2-6ccf99c555-fqvhb,izbp1gwb52uyj3g0wn52lez,2024-03-05 14:12:20
reviews-v2-6ccf99c555-fqvhb,izbp1gwb52uyj3g0wn52lez,2024-03-05 14:12:25
reviews-v3-5fd56449d8-tv4wp,izbp16opgy3xucvexwqp9dz,2024-03-05 14:12:25
productpage-v1,reviews-v2,2024-03-05 14:12:25
reviews-v2,ratings-v1,2024-03-05 14:12:25
reviews-v1-7b76c4f45d-x9mxc,izbp16opgy3xucvexwqp9dz,2024-03-05 14:12:25
istio-ingressgateway,productpage-v1,2024-03-05 14:12:25
productpage-v1-7fb564989f-hm9g2,izbp1gwb52uyj3g0wn52lfz,2024-03-05 14:12:25
details-v1-b788479c5-tzgsw,izbp16opgy3xucvexwqp9dz,2024-03-05 14:12:25
ratings-v1-5b6b66f9b5-n4ddg,izbp16opgy3xucvexwqp9dz,2024-03-05 14:12:25
productpage-v1,reviews-v1,2024-03-05 14:12:25
productpage-v1,details-v1,2024-03-05 14:12:25
productpage-v1,reviews-v3,2024-03-05 14:12:25
reviews-v3,ratings-v1,2024-03-05 14:12:25
details-v1-b788479c5-bbg6t,izbp1gwb52uyj3g0wn52lfz,2024-03-05 14:12:25
details-v1-b788479c5-bbg6t,izbp1gwb52uyj3g0wn52lfz,2024-03-05 14:12:30
istio-ingressgateway,productpage-v1,2024-03-05 14:12:30
reviews-v2,ratings-v1,2024-03-05 14:12:30
reviews-v3,ratings-v1,2024-03-05 14:12:30
productpage-v1,details-v1,2024-03-05 14:12:30
productpage-v1,reviews-v2,2024-03-05 14:12:30
reviews-v3-5fd56449d8-tv4wp,izbp16opgy3xucvexwqp9dz,2024-03-05 14:12:30
reviews-v2-6ccf99c555-fqvhb,izbp1gwb52uyj3g0wn52lez,2024-03-05 14:12:30
reviews-v1-7b76c4f45d-x9mxc,izbp16opgy3xucvexwqp9dz,2024-03-05 14:12:30
productpage-v1-7fb564989f-hm9g2,izbp1gwb52uyj3g0wn52lfz,2024-03-05 14:12:30
productpage-v1,reviews-v1,2024-03-05 14:12:30
ratings-v1-5b6b66f9b5-n4ddg,izbp16opgy3xucvexwqp9dz,2024-03-05 14:12:30
productpage-v1,reviews-v3,2024-03-05 14:12:30
details-v1-b788479c5-tzgsw,izbp16opgy3xucvexwqp9dz,2024-03-05 14:12:30
istio-ingressgateway,productpage-v1,2024-03-05 14:12:35
productpage-v1-7fb564989f-hm9g2,izbp1gwb52uyj3g0wn52lfz,2024-03-05 14:12:35
reviews-v2,ratings-v1,2024-03-05 14:12:35
productpage-v1,reviews-v3,2024-03-05 14:12:35
reviews-v2-6ccf99c555-fqvhb,izbp1gwb52uyj3g0wn52lez,2024-03-05 14:12:35
details-v1-b788479c5-tzgsw,izbp16opgy3xucvexwqp9dz,2024-03-05 14:12:35
ratings-v1-5b6b66f9b5-n4ddg,izbp16opgy3xucvexwqp9dz,2024-03-05 14:12:35
productpage-v1,reviews-v2,2024-03-05 14:12:35
reviews-v1-7b76c4f45d-x9mxc,izbp16opgy3xucvexwqp9dz,2024-03-05 14:12:35
reviews-v3,ratings-v1,2024-03-05 14:12:35
details-v1-b788479c5-bbg6t,izbp1gwb52uyj3g0wn52lfz,2024-03-05 14:12:35
productpage-v1,details-v1,2024-03-05 14:12:35
reviews-v3-5fd56449d8-tv4wp,izbp16opgy3xucvexwqp9dz,2024-03-05 14:12:35
productpage-v1,reviews-v1,2024-03-05 14:12:35
reviews-v3,ratings-v1,2024-03-05 14:12:40
productpage-v1,reviews-v1,2024-03-05 14:12:40
productpage-v1-7fb564989f-hm9g2,izbp1gwb52uyj3g0wn52lfz,2024-03-05 14:12:40
ratings-v1-5b6b66f9b5-n4ddg,izbp16opgy3xucvexwqp9dz,2024-03-05 14:12:40
istio-ingressgateway,productpage-v1,2024-03-05 14:12:40
reviews-v3-5fd56449d8-tv4wp,izbp16opgy3xucvexwqp9dz,2024-03-05 14:12:40
reviews-v1-7b76c4f45d-x9mxc,izbp16opgy3xucvexwqp9dz,2024-03-05 14:12:40
reviews-v2,ratings-v1,2024-03-05 14:12:40
productpage-v1,reviews-v3,2024-03-05 14:12:40
productpage-v1,reviews-v2,2024-03-05 14:12:40
details-v1-b788479c5-bbg6t,izbp1gwb52uyj3g0wn52lfz,2024-03-05 14:12:40
productpage-v1,details-v1,2024-03-05 14:12:40
reviews-v2-6ccf99c555-fqvhb,izbp1gwb52uyj3g0wn52lez,2024-03-05 14:12:40
details-v1-b788479c5-tzgsw,izbp16opgy3xucvexwqp9dz,2024-03-05 14:12:40
reviews-v2,ratings-v1,2024-03-05 14:12:45
productpage-v1-7fb564989f-hm9g2,izbp1gwb52uyj3g0wn52lfz,2024-03-05 14:12:45
details-v1-b788479c5-bbg6t,izbp1gwb52uyj3g0wn52lfz,2024-03-05 14:12:45
productpage-v1,reviews-v1,2024-03-05 14:12:45
reviews-v3,ratings-v1,2024-03-05 14:12:45
productpage-v1,details-v1,2024-03-05 14:12:45
details-v1-b788479c5-tzgsw,izbp16opgy3xucvexwqp9dz,2024-03-05 14:12:45
reviews-v2-6ccf99c555-fqvhb,izbp1gwb52uyj3g0wn52lez,2024-03-05 14:12:45
ratings-v1-5b6b66f9b5-n4ddg,izbp16opgy3xucvexwqp9dz,2024-03-05 14:12:45
productpage-v1,reviews-v3,2024-03-05 14:12:45
reviews-v3-5fd56449d8-tv4wp,izbp16opgy3xucvexwqp9dz,2024-03-05 14:12:45
productpage-v1,reviews-v2,2024-03-05 14:12:45
istio-ingressgateway,productpage-v1,2024-03-05 14:12:45
reviews-v1-7b76c4f45d-x9mxc,izbp16opgy3xucvexwqp9dz,2024-03-05 14:12:45
details-v1-b788479c5-tzgsw,izbp16opgy3xucvexwqp9dz,2024-03-05 14:12:50
productpage-v1,reviews-v1,2024-03-05 14:12:50
reviews-v2-6ccf99c555-fqvhb,izbp1gwb52uyj3g0wn52lez,2024-03-05 14:12:50
reviews-v1-7b76c4f45d-x9mxc,izbp16opgy3xucvexwqp9dz,2024-03-05 14:12:50
productpage-v1,reviews-v2,2024-03-05 14:12:50
istio-ingressgateway,productpage-v1,2024-03-05 14:12:50
reviews-v3,ratings-v1,2024-03-05 14:12:50
productpage-v1,details-v1,2024-03-05 14:12:50
ratings-v1-5b6b66f9b5-n4ddg,izbp16opgy3xucvexwqp9dz,2024-03-05 14:12:50
details-v1-b788479c5-bbg6t,izbp1gwb52uyj3g0wn52lfz,2024-03-05 14:12:50
reviews-v2,ratings-v1,2024-03-05 14:12:50
productpage-v1,reviews-v3,2024-03-05 14:12:50
reviews-v3-5fd56449d8-tv4wp,izbp16opgy3xucvexwqp9dz,2024-03-05 14:12:50
productpage-v1-7fb564989f-hm9g2,izbp1gwb52uyj3g0wn52lfz,2024-03-05 14:12:50
reviews-v2-6ccf99c555-fqvhb,izbp1gwb52uyj3g0wn52lez,2024-03-05 14:12:55
ratings-v1-5b6b66f9b5-n4ddg,izbp16opgy3xucvexwqp9dz,2024-03-05 14:12:55
productpage-v1,reviews-v3,2024-03-05 14:12:55
details-v1-b788479c5-tzgsw,izbp16opgy3xucvexwqp9dz,2024-03-05 14:12:55
reviews-v3-5fd56449d8-tv4wp,izbp16opgy3xucvexwqp9dz,2024-03-05 14:12:55
reviews-v1-7b76c4f45d-x9mxc,izbp16opgy3xucvexwqp9dz,2024-03-05 14:12:55
productpage-v1-7fb564989f-hm9g2,izbp1gwb52uyj3g0wn52lfz,2024-03-05 14:12:55
reviews-v2,ratings-v1,2024-03-05 14:12:55
productpage-v1,reviews-v1,2024-03-05 14:12:55
istio-ingressgateway,productpage-v1,2024-03-05 14:12:55
details-v1-b788479c5-bbg6t,izbp1gwb52uyj3g0wn52lfz,2024-03-05 14:12:55
productpage-v1,details-v1,2024-03-05 14:12:55
reviews-v3,ratings-v1,2024-03-05 14:12:55
productpage-v1,reviews-v2,2024-03-05 14:12:55
reviews-v3-5fd56449d8-tv4wp,izbp16opgy3xucvexwqp9dz,2024-03-05 14:13:00
istio-ingressgateway,productpage-v1,2024-03-05 14:13:00
productpage-v1,details-v1,2024-03-05 14:13:00
productpage-v1,reviews-v3,2024-03-05 14:13:00
productpage-v1,reviews-v2,2024-03-05 14:13:00
reviews-v2-6ccf99c555-fqvhb,izbp1gwb52uyj3g0wn52lez,2024-03-05 14:13:00
details-v1-b788479c5-tzgsw,izbp16opgy3xucvexwqp9dz,2024-03-05 14:13:00
ratings-v1-5b6b66f9b5-n4ddg,izbp16opgy3xucvexwqp9dz,2024-03-05 14:13:00
details-v1-b788479c5-bbg6t,izbp1gwb52uyj3g0wn52lfz,2024-03-05 14:13:00
productpage-v1-7fb564989f-hm9g2,izbp1gwb52uyj3g0wn52lfz,2024-03-05 14:13:00
reviews-v2,ratings-v1,2024-03-05 14:13:00
productpage-v1,reviews-v1,2024-03-05 14:13:00
reviews-v1-7b76c4f45d-x9mxc,izbp16opgy3xucvexwqp9dz,2024-03-05 14:13:00
reviews-v3,ratings-v1,2024-03-05 14:13:00
ratings-v1-5b6b66f9b5-n4ddg,izbp16opgy3xucvexwqp9dz,2024-03-05 14:13:05
productpage-v1-7fb564989f-hm9g2,izbp1gwb52uyj3g0wn52lfz,2024-03-05 14:13:05
reviews-v3-5fd56449d8-tv4wp,izbp16opgy3xucvexwqp9dz,2024-03-05 14:13:05
productpage-v1,reviews-v1,2024-03-05 14:13:05
reviews-v2-6ccf99c555-fqvhb,izbp1gwb52uyj3g0wn52lez,2024-03-05 14:13:05
reviews-v3,ratings-v1,2024-03-05 14:13:05
istio-ingressgateway,productpage-v1,2024-03-05 14:13:05
details-v1-b788479c5-bbg6t,izbp1gwb52uyj3g0wn52lfz,2024-03-05 14:13:05
productpage-v1,reviews-v3,2024-03-05 14:13:05
productpage-v1,details-v1,2024-03-05 14:13:05
reviews-v2,ratings-v1,2024-03-05 14:13:05
productpage-v1,reviews-v2,2024-03-05 14:13:05
details-v1-b788479c5-tzgsw,izbp16opgy3xucvexwqp9dz,2024-03-05 14:13:05
reviews-v1-7b76c4f45d-x9mxc,izbp16opgy3xucvexwqp9dz,2024-03-05 14:13:05
productpage-v1,reviews-v3,2024-03-05 14:13:10
reviews-v1-7b76c4f45d-x9mxc,izbp16opgy3xucvexwqp9dz,2024-03-05 14:13:10
ratings-v1-5b6b66f9b5-n4ddg,izbp16opgy3xucvexwqp9dz,2024-03-05 14:13:10
productpage-v1,reviews-v1,2024-03-05 14:13:10
productpage-v1,details-v1,2024-03-05 14:13:10
reviews-v2,ratings-v1,2024-03-05 14:13:10
productpage-v1,reviews-v2,2024-03-05 14:13:10
productpage-v1-7fb564989f-hm9g2,izbp1gwb52uyj3g0wn52lfz,2024-03-05 14:13:10
istio-ingressgateway,productpage-v1,2024-03-05 14:13:10
details-v1-b788479c5-bbg6t,izbp1gwb52uyj3g0wn52lfz,2024-03-05 14:13:10
reviews-v3-5fd56449d8-tv4wp,izbp16opgy3xucvexwqp9dz,2024-03-05 14:13:10
reviews-v2-6ccf99c555-fqvhb,izbp1gwb52uyj3g0wn52lez,2024-03-05 14:13:10
details-v1-b788479c5-tzgsw,izbp16opgy3xucvexwqp9dz,2024-03-05 14:13:10
reviews-v3,ratings-v1,2024-03-05 14:13:10
istio-ingressgateway,productpage-v1,2024-03-05 14:13:15
details-v1-b788479c5-bbg6t,izbp1gwb52uyj3g0wn52lfz,2024-03-05 14:13:15
productpage-v1,details-v1,2024-03-05 14:13:15
productpage-v1,reviews-v3,2024-03-05 14:13:15
ratings-v1-5b6b66f9b5-n4ddg,izbp16opgy3xucvexwqp9dz,2024-03-05 14:13:15
productpage-v1-7fb564989f-hm9g2,izbp1gwb52uyj3g0wn52lfz,2024-03-05 14:13:15
details-v1-b788479c5-tzgsw,izbp16opgy3xucvexwqp9dz,2024-03-05 14:13:15
reviews-v3-5fd56449d8-tv4wp,izbp16opgy3xucvexwqp9dz,2024-03-05 14:13:15
reviews-v2,ratings-v1,2024-03-05 14:13:15
reviews-v2-6ccf99c555-fqvhb,izbp1gwb52uyj3g0wn52lez,2024-03-05 14:13:15
reviews-v3,ratings-v1,2024-03-05 14:13:15
productpage-v1,reviews-v1,2024-03-05 14:13:15
productpage-v1,reviews-v2,2024-03-05 14:13:15
reviews-v1-7b76c4f45d-x9mxc,izbp16opgy3xucvexwqp9dz,2024-03-05 14:13:15
reviews-v3-5fd56449d8-tv4wp,izbp16opgy3xucvexwqp9dz,2024-03-05 14:13:20
details-v1-b788479c5-bbg6t,izbp1gwb52uyj3g0wn52lfz,2024-03-05 14:13:20
reviews-v2-6ccf99c555-fqvhb,izbp1gwb52uyj3g0wn52lez,2024-03-05 14:13:20
ratings-v1-5b6b66f9b5-n4ddg,izbp16opgy3xucvexwqp9dz,2024-03-05 14:13:20
productpage-v1,reviews-v2,2024-03-05 14:13:20
reviews-v1-7b76c4f45d-x9mxc,izbp16opgy3xucvexwqp9dz,2024-03-05 14:13:20
details-v1-b788479c5-tzgsw,izbp16opgy3xucvexwqp9dz,2024-03-05 14:13:20
productpage-v1,details-v1,2024-03-05 14:13:20
productpage-v1,reviews-v3,2024-03-05 14:13:20
productpage-v1,reviews-v1,2024-03-05 14:13:20
productpage-v1-7fb564989f-hm9g2,izbp1gwb52uyj3g0wn52lfz,2024-03-05 14:13:20
reviews-v3,ratings-v1,2024-03-05 14:13:20
istio-ingressgateway,productpage-v1,2024-03-05 14:13:20
reviews-v2,ratings-v1,2024-03-05 14:13:20
productpage-v1,details-v1,2024-03-05 14:13:25
reviews-v2-6ccf99c555-fqvhb,izbp1gwb52uyj3g0wn52lez,2024-03-05 14:13:25
reviews-v3,ratings-v1,2024-03-05 14:13:25
reviews-v2,ratings-v1,2024-03-05 14:13:25
details-v1-b788479c5-tzgsw,izbp16opgy3xucvexwqp9dz,2024-03-05 14:13:25
reviews-v3-5fd56449d8-tv4wp,izbp16opgy3xucvexwqp9dz,2024-03-05 14:13:25
productpage-v1,reviews-v2,2024-03-05 14:13:25
productpage-v1-7fb564989f-hm9g2,izbp1gwb52uyj3g0wn52lfz,2024-03-05 14:13:25
istio-ingressgateway,productpage-v1,2024-03-05 14:13:25
details-v1-b788479c5-bbg6t,izbp1gwb52uyj3g0wn52lfz,2024-03-05 14:13:25
productpage-v1,reviews-v1,2024-03-05 14:13:25
productpage-v1,reviews-v3,2024-03-05 14:13:25
reviews-v1-7b76c4f45d-x9mxc,izbp16opgy3xucvexwqp9dz,2024-03-05 14:13:25
ratings-v1-5b6b66f9b5-n4ddg,izbp16opgy3xucvexwqp9dz,2024-03-05 14:13:25
details-v1-b788479c5-tzgsw,izbp16opgy3xucvexwqp9dz,2024-03-05 14:13:30
productpage-v1,details-v1,2024-03-05 14:13:30
details-v1-b788479c5-bbg6t,izbp1gwb52uyj3g0wn52lfz,2024-03-05 14:13:30
reviews-v3,ratings-v1,2024-03-05 14:13:30
productpage-v1,reviews-v1,2024-03-05 14:13:30
reviews-v2-6ccf99c555-fqvhb,izbp1gwb52uyj3g0wn52lez,2024-03-05 14:13:30
reviews-v1-7b76c4f45d-x9mxc,izbp16opgy3xucvexwqp9dz,2024-03-05 14:13:30
productpage-v1,reviews-v3,2024-03-05 14:13:30
istio-ingressgateway,productpage-v1,2024-03-05 14:13:30
productpage-v1-7fb564989f-hm9g2,izbp1gwb52uyj3g0wn52lfz,2024-03-05 14:13:30
productpage-v1,reviews-v2,2024-03-05 14:13:30
reviews-v3-5fd56449d8-tv4wp,izbp16opgy3xucvexwqp9dz,2024-03-05 14:13:30
reviews-v2,ratings-v1,2024-03-05 14:13:30
ratings-v1-5b6b66f9b5-n4ddg,izbp16opgy3xucvexwqp9dz,2024-03-05 14:13:30
reviews-v3,ratings-v1,2024-03-05 14:13:35
productpage-v1,reviews-v1,2024-03-05 14:13:35
productpage-v1,reviews-v2,2024-03-05 14:13:35
details-v1-b788479c5-bbg6t,izbp1gwb52uyj3g0wn52lfz,2024-03-05 14:13:35
details-v1-b788479c5-tzgsw,izbp16opgy3xucvexwqp9dz,2024-03-05 14:13:35
ratings-v1-5b6b66f9b5-n4ddg,izbp16opgy3xucvexwqp9dz,2024-03-05 14:13:35
reviews-v3-5fd56449d8-tv4wp,izbp16opgy3xucvexwqp9dz,2024-03-05 14:13:35
productpage-v1,reviews-v3,2024-03-05 14:13:35
productpage-v1-7fb564989f-hm9g2,izbp1gwb52uyj3g0wn52lfz,2024-03-05 14:13:35
istio-ingressgateway,productpage-v1,2024-03-05 14:13:35
productpage-v1,details-v1,2024-03-05 14:13:35
reviews-v1-7b76c4f45d-x9mxc,izbp16opgy3xucvexwqp9dz,2024-03-05 14:13:35
reviews-v2-6ccf99c555-fqvhb,izbp1gwb52uyj3g0wn52lez,2024-03-05 14:13:35
reviews-v2,ratings-v1,2024-03-05 14:13:35
productpage-v1,reviews-v1,2024-03-05 14:13:40
istio-ingressgateway,productpage-v1,2024-03-05 14:13:40
reviews-v2-6ccf99c555-fqvhb,izbp1gwb52uyj3g0wn52lez,2024-03-05 14:13:40
reviews-v3-5fd56449d8-tv4wp,izbp16opgy3xucvexwqp9dz,2024-03-05 14:13:40
productpage-v1,reviews-v2,2024-03-05 14:13:40
productpage-v1-7fb564989f-hm9g2,izbp1gwb52uyj3g0wn52lfz,2024-03-05 14:13:40
details-v1-b788479c5-tzgsw,izbp16opgy3xucvexwqp9dz,2024-03-05 14:13:40
reviews-v3,ratings-v1,2024-03-05 14:13:40
reviews-v1-7b76c4f45d-x9mxc,izbp16opgy3xucvexwqp9dz,2024-03-05 14:13:40
productpage-v1,details-v1,2024-03-05 14:13:40
details-v1-b788479c5-bbg6t,izbp1gwb52uyj3g0wn52lfz,2024-03-05 14:13:40
reviews-v2,ratings-v1,2024-03-05 14:13:40
ratings-v1-5b6b66f9b5-n4ddg,izbp16opgy3xucvexwqp9dz,2024-03-05 14:13:40
productpage-v1,reviews-v3,2024-03-05 14:13:40
reviews-v1-7b76c4f45d-x9mxc,izbp16opgy3xucvexwqp9dz,2024-03-05 14:13:45
productpage-v1,reviews-v2,2024-03-05 14:13:45
details-v1-b788479c5-tzgsw,izbp16opgy3xucvexwqp9dz,2024-03-05 14:13:45
reviews-v3-5fd56449d8-tv4wp,izbp16opgy3xucvexwqp9dz,2024-03-05 14:13:45
reviews-v3,ratings-v1,2024-03-05 14:13:45
productpage-v1-7fb564989f-hm9g2,izbp1gwb52uyj3g0wn52lfz,2024-03-05 14:13:45
istio-ingressgateway,productpage-v1,2024-03-05 14:13:45
productpage-v1,reviews-v1,2024-03-05 14:13:45
ratings-v1-5b6b66f9b5-n4ddg,izbp16opgy3xucvexwqp9dz,2024-03-05 14:13:45
reviews-v2-6ccf99c555-fqvhb,izbp1gwb52uyj3g0wn52lez,2024-03-05 14:13:45
productpage-v1,reviews-v3,2024-03-05 14:13:45
details-v1-b788479c5-bbg6t,izbp1gwb52uyj3g0wn52lfz,2024-03-05 14:13:45
productpage-v1,details-v1,2024-03-05 14:13:45
reviews-v2,ratings-v1,2024-03-05 14:13:45
reviews-v3-5fd56449d8-tv4wp,izbp16opgy3xucvexwqp9dz,2024-03-05 14:13:50
productpage-v1-7fb564989f-hm9g2,izbp1gwb52uyj3g0wn52lfz,2024-03-05 14:13:50
istio-ingressgateway,productpage-v1,2024-03-05 14:13:50
reviews-v2-6ccf99c555-fqvhb,izbp1gwb52uyj3g0wn52lez,2024-03-05 14:13:50
productpage-v1,details-v1,2024-03-05 14:13:50
reviews-v2,ratings-v1,2024-03-05 14:13:50
details-v1-b788479c5-bbg6t,izbp1gwb52uyj3g0wn52lfz,2024-03-05 14:13:50
productpage-v1,reviews-v2,2024-03-05 14:13:50
reviews-v3,ratings-v1,2024-03-05 14:13:50
productpage-v1,reviews-v1,2024-03-05 14:13:50
ratings-v1-5b6b66f9b5-n4ddg,izbp16opgy3xucvexwqp9dz,2024-03-05 14:13:50
details-v1-b788479c5-tzgsw,izbp16opgy3xucvexwqp9dz,2024-03-05 14:13:50
reviews-v1-7b76c4f45d-x9mxc,izbp16opgy3xucvexwqp9dz,2024-03-05 14:13:50
productpage-v1,reviews-v3,2024-03-05 14:13:50
productpage-v1,reviews-v3,2024-03-05 14:13:55
details-v1-b788479c5-tzgsw,izbp16opgy3xucvexwqp9dz,2024-03-05 14:13:55
ratings-v1-5b6b66f9b5-n4ddg,izbp16opgy3xucvexwqp9dz,2024-03-05 14:13:55
productpage-v1-7fb564989f-hm9g2,izbp1gwb52uyj3g0wn52lfz,2024-03-05 14:13:55
istio-ingressgateway,productpage-v1,2024-03-05 14:13:55
reviews-v2-6ccf99c555-fqvhb,izbp1gwb52uyj3g0wn52lez,2024-03-05 14:13:55
productpage-v1,reviews-v2,2024-03-05 14:13:55
productpage-v1,reviews-v1,2024-03-05 14:13:55
productpage-v1,details-v1,2024-03-05 14:13:55
reviews-v2,ratings-v1,2024-03-05 14:13:55
reviews-v3-5fd56449d8-tv4wp,izbp16opgy3xucvexwqp9dz,2024-03-05 14:13:55
reviews-v1-7b76c4f45d-x9mxc,izbp16opgy3xucvexwqp9dz,2024-03-05 14:13:55
reviews-v3,ratings-v1,2024-03-05 14:13:55
details-v1-b788479c5-bbg6t,izbp1gwb52uyj3g0wn52lfz,2024-03-05 14:13:55
productpage-v1,reviews-v3,2024-03-05 14:14:00
istio-ingressgateway,productpage-v1,2024-03-05 14:14:00
productpage-v1,details-v1,2024-03-05 14:14:00
reviews-v2,ratings-v1,2024-03-05 14:14:00
details-v1-b788479c5-bbg6t,izbp1gwb52uyj3g0wn52lfz,2024-03-05 14:14:00
reviews-v3-5fd56449d8-tv4wp,izbp16opgy3xucvexwqp9dz,2024-03-05 14:14:00
ratings-v1-5b6b66f9b5-n4ddg,izbp16opgy3xucvexwqp9dz,2024-03-05 14:14:00
details-v1-b788479c5-tzgsw,izbp16opgy3xucvexwqp9dz,2024-03-05 14:14:00
productpage-v1-7fb564989f-hm9g2,izbp1gwb52uyj3g0wn52lfz,2024-03-05 14:14:00
productpage-v1,reviews-v1,2024-03-05 14:14:00
productpage-v1,reviews-v2,2024-03-05 14:14:00
reviews-v1-7b76c4f45d-x9mxc,izbp16opgy3xucvexwqp9dz,2024-03-05 14:14:00
reviews-v3,ratings-v1,2024-03-05 14:14:00
reviews-v2-6ccf99c555-fqvhb,izbp1gwb52uyj3g0wn52lez,2024-03-05 14:14:00
productpage-v1,details-v1,2024-03-05 14:14:05
reviews-v2-6ccf99c555-fqvhb,izbp1gwb52uyj3g0wn52lez,2024-03-05 14:14:05
reviews-v2,ratings-v1,2024-03-05 14:14:05
productpage-v1-7fb564989f-hm9g2,izbp1gwb52uyj3g0wn52lfz,2024-03-05 14:14:05
reviews-v3,ratings-v1,2024-03-05 14:14:05
ratings-v1-5b6b66f9b5-n4ddg,izbp16opgy3xucvexwqp9dz,2024-03-05 14:14:05
details-v1-b788479c5-bbg6t,izbp1gwb52uyj3g0wn52lfz,2024-03-05 14:14:05
reviews-v3-5fd56449d8-tv4wp,izbp16opgy3xucvexwqp9dz,2024-03-05 14:14:05
productpage-v1,reviews-v1,2024-03-05 14:14:05
productpage-v1,reviews-v3,2024-03-05 14:14:05
details-v1-b788479c5-tzgsw,izbp16opgy3xucvexwqp9dz,2024-03-05 14:14:05
productpage-v1,reviews-v2,2024-03-05 14:14:05
reviews-v1-7b76c4f45d-x9mxc,izbp16opgy3xucvexwqp9dz,2024-03-05 14:14:05
istio-ingressgateway,productpage-v1,2024-03-05 14:14:05
details-v1-b788479c5-bbg6t,izbp1gwb52uyj3g0wn52lfz,2024-03-05 14:14:10
istio-ingressgateway,productpage-v1,2024-03-05 14:14:10
reviews-v3,ratings-v1,2024-03-05 14:14:10
productpage-v1,reviews-v1,2024-03-05 14:14:10
productpage-v1,reviews-v3,2024-03-05 14:14:10
productpage-v1-7fb564989f-hm9g2,izbp1gwb52uyj3g0wn52lfz,2024-03-05 14:14:10
reviews-v2,ratings-v1,2024-03-05 14:14:10
reviews-v3-5fd56449d8-tv4wp,izbp16opgy3xucvexwqp9dz,2024-03-05 14:14:10
details-v1-b788479c5-tzgsw,izbp16opgy3xucvexwqp9dz,2024-03-05 14:14:10
reviews-v2-6ccf99c555-fqvhb,izbp1gwb52uyj3g0wn52lez,2024-03-05 14:14:10
reviews-v1-7b76c4f45d-x9mxc,izbp16opgy3xucvexwqp9dz,2024-03-05 14:14:10
productpage-v1,reviews-v2,2024-03-05 14:14:10
ratings-v1-5b6b66f9b5-n4ddg,izbp16opgy3xucvexwqp9dz,2024-03-05 14:14:10
productpage-v1,details-v1,2024-03-05 14:14:10
reviews-v3,ratings-v1,2024-03-05 14:14:15
istio-ingressgateway,productpage-v1,2024-03-05 14:14:15
productpage-v1,reviews-v3,2024-03-05 14:14:15
reviews-v1-7b76c4f45d-x9mxc,izbp16opgy3xucvexwqp9dz,2024-03-05 14:14:15
reviews-v2-6ccf99c555-fqvhb,izbp1gwb52uyj3g0wn52lez,2024-03-05 14:14:15
productpage-v1,reviews-v2,2024-03-05 14:14:15
reviews-v3-5fd56449d8-tv4wp,izbp16opgy3xucvexwqp9dz,2024-03-05 14:14:15
productpage-v1,reviews-v1,2024-03-05 14:14:15
details-v1-b788479c5-bbg6t,izbp1gwb52uyj3g0wn52lfz,2024-03-05 14:14:15
reviews-v2,ratings-v1,2024-03-05 14:14:15
details-v1-b788479c5-tzgsw,izbp16opgy3xucvexwqp9dz,2024-03-05 14:14:15
productpage-v1,details-v1,2024-03-05 14:14:15
productpage-v1-7fb564989f-hm9g2,izbp1gwb52uyj3g0wn52lfz,2024-03-05 14:14:15
ratings-v1-5b6b66f9b5-n4ddg,izbp16opgy3xucvexwqp9dz,2024-03-05 14:14:15
productpage-v1-7fb564989f-hm9g2,izbp1gwb52uyj3g0wn52lfz,2024-03-05 14:14:20
istio-ingressgateway,productpage-v1,2024-03-05 14:14:20
details-v1-b788479c5-tzgsw,izbp16opgy3xucvexwqp9dz,2024-03-05 14:14:20
productpage-v1,details-v1,2024-03-05 14:14:20
reviews-v1-7b76c4f45d-x9mxc,izbp16opgy3xucvexwqp9dz,2024-03-05 14:14:20
reviews-v2-6ccf99c555-fqvhb,izbp1gwb52uyj3g0wn52lez,2024-03-05 14:14:20
reviews-v3,ratings-v1,2024-03-05 14:14:20
productpage-v1,reviews-v2,2024-03-05 14:14:20
reviews-v3-5fd56449d8-tv4wp,izbp16opgy3xucvexwqp9dz,2024-03-05 14:14:20
productpage-v1,reviews-v3,2024-03-05 14:14:20
reviews-v2,ratings-v1,2024-03-05 14:14:20
productpage-v1,reviews-v1,2024-03-05 14:14:20
details-v1-b788479c5-bbg6t,izbp1gwb52uyj3g0wn52lfz,2024-03-05 14:14:20
ratings-v1-5b6b66f9b5-n4ddg,izbp16opgy3xucvexwqp9dz,2024-03-05 14:14:20
reviews-v3-5fd56449d8-tv4wp,izbp16opgy3xucvexwqp9dz,2024-03-05 14:14:25
reviews-v2,ratings-v1,2024-03-05 14:14:25
reviews-v2-6ccf99c555-fqvhb,izbp1gwb52uyj3g0wn52lez,2024-03-05 14:14:25
reviews-v1-7b76c4f45d-x9mxc,izbp16opgy3xucvexwqp9dz,2024-03-05 14:14:25
productpage-v1,reviews-v1,2024-03-05 14:14:25
productpage-v1,details-v1,2024-03-05 14:14:25
details-v1-b788479c5-bbg6t,izbp1gwb52uyj3g0wn52lfz,2024-03-05 14:14:25
reviews-v3,ratings-v1,2024-03-05 14:14:25
productpage-v1-7fb564989f-hm9g2,izbp1gwb52uyj3g0wn52lfz,2024-03-05 14:14:25
productpage-v1,reviews-v3,2024-03-05 14:14:25
productpage-v1,reviews-v2,2024-03-05 14:14:25
details-v1-b788479c5-tzgsw,izbp16opgy3xucvexwqp9dz,2024-03-05 14:14:25
ratings-v1-5b6b66f9b5-n4ddg,izbp16opgy3xucvexwqp9dz,2024-03-05 14:14:25
istio-ingressgateway,productpage-v1,2024-03-05 14:14:25
reviews-v3-5fd56449d8-tv4wp,izbp16opgy3xucvexwqp9dz,2024-03-05 14:14:30
productpage-v1,reviews-v1,2024-03-05 14:14:30
reviews-v3,ratings-v1,2024-03-05 14:14:30
reviews-v1-7b76c4f45d-x9mxc,izbp16opgy3xucvexwqp9dz,2024-03-05 14:14:30
ratings-v1-5b6b66f9b5-n4ddg,izbp16opgy3xucvexwqp9dz,2024-03-05 14:14:30
productpage-v1,reviews-v2,2024-03-05 14:14:30
productpage-v1,details-v1,2024-03-05 14:14:30
reviews-v2-6ccf99c555-fqvhb,izbp1gwb52uyj3g0wn52lez,2024-03-05 14:14:30
productpage-v1,reviews-v3,2024-03-05 14:14:30
istio-ingressgateway,productpage-v1,2024-03-05 14:14:30
details-v1-b788479c5-bbg6t,izbp1gwb52uyj3g0wn52lfz,2024-03-05 14:14:30
reviews-v2,ratings-v1,2024-03-05 14:14:30
productpage-v1-7fb564989f-hm9g2,izbp1gwb52uyj3g0wn52lfz,2024-03-05 14:14:30
reviews-v2,ratings-v1,2024-03-05 14:14:35
productpage-v1,reviews-v2,2024-03-05 14:14:35
productpage-v1,reviews-v1,2024-03-05 14:14:35
istio-ingressgateway,productpage-v1,2024-03-05 14:14:35
reviews-v3,ratings-v1,2024-03-05 14:14:35
reviews-v3-5fd56449d8-tv4wp,izbp16opgy3xucvexwqp9dz,2024-03-05 14:14:35
productpage-v1-7fb564989f-hm9g2,izbp1gwb52uyj3g0wn52lfz,2024-03-05 14:14:35
reviews-v2-6ccf99c555-fqvhb,izbp1gwb52uyj3g0wn52lez,2024-03-05 14:14:35
ratings-v1-5b6b66f9b5-n4ddg,izbp16opgy3xucvexwqp9dz,2024-03-05 14:14:35
details-v1-b788479c5-bbg6t,izbp1gwb52uyj3g0wn52lfz,2024-03-05 14:14:35
reviews-v1-7b76c4f45d-x9mxc,izbp16opgy3xucvexwqp9dz,2024-03-05 14:14:35
productpage-v1,reviews-v3,2024-03-05 14:14:35
productpage-v1,details-v1,2024-03-05 14:14:35
reviews-v3-5fd56449d8-tv4wp,izbp16opgy3xucvexwqp9dz,2024-03-05 14:14:40
details-v1-b788479c5-bbg6t,izbp1gwb52uyj3g0wn52lfz,2024-03-05 14:14:40
productpage-v1,details-v1,2024-03-05 14:14:40
reviews-v2,ratings-v1,2024-03-05 14:14:40
productpage-v1,reviews-v3,2024-03-05 14:14:40
ratings-v1-5b6b66f9b5-n4ddg,izbp16opgy3xucvexwqp9dz,2024-03-05 14:14:40
reviews-v3,ratings-v1,2024-03-05 14:14:40
productpage-v1,reviews-v1,2024-03-05 14:14:40
reviews-v2-6ccf99c555-fqvhb,izbp1gwb52uyj3g0wn52lez,2024-03-05 14:14:40
reviews-v1-7b76c4f45d-x9mxc,izbp16opgy3xucvexwqp9dz,2024-03-05 14:14:40
productpage-v1-7fb564989f-hm9g2,izbp1gwb52uyj3g0wn52lfz,2024-03-05 14:14:40
productpage-v1,reviews-v2,2024-03-05 14:14:40
istio-ingressgateway,productpage-v1,2024-03-05 14:14:40
ratings-v1-5b6b66f9b5-n4ddg,izbp16opgy3xucvexwqp9dz,2024-03-05 14:14:45
reviews-v2,ratings-v1,2024-03-05 14:14:45
reviews-v3,ratings-v1,2024-03-05 14:14:45
productpage-v1,reviews-v1,2024-03-05 14:14:45
productpage-v1-7fb564989f-hm9g2,izbp1gwb52uyj3g0wn52lfz,2024-03-05 14:14:45
details-v1-b788479c5-bbg6t,izbp1gwb52uyj3g0wn52lfz,2024-03-05 14:14:45
reviews-v3-5fd56449d8-tv4wp,izbp16opgy3xucvexwqp9dz,2024-03-05 14:14:45
reviews-v2-6ccf99c555-fqvhb,izbp1gwb52uyj3g0wn52lez,2024-03-05 14:14:45
productpage-v1,reviews-v2,2024-03-05 14:14:45
istio-ingressgateway,productpage-v1,2024-03-05 14:14:45
reviews-v1-7b76c4f45d-x9mxc,izbp16opgy3xucvexwqp9dz,2024-03-05 14:14:45
productpage-v1,details-v1,2024-03-05 14:14:45
productpage-v1,reviews-v3,2024-03-05 14:14:45
ratings-v1-5b6b66f9b5-n4ddg,izbp16opgy3xucvexwqp9dz,2024-03-05 14:14:50
productpage-v1,reviews-v2,2024-03-05 14:14:50
productpage-v1-7fb564989f-hm9g2,izbp1gwb52uyj3g0wn52lfz,2024-03-05 14:14:50
reviews-v2-6ccf99c555-fqvhb,izbp1gwb52uyj3g0wn52lez,2024-03-05 14:14:50
reviews-v1-7b76c4f45d-x9mxc,izbp16opgy3xucvexwqp9dz,2024-03-05 14:14:50
reviews-v2,ratings-v1,2024-03-05 14:14:50
productpage-v1,reviews-v1,2024-03-05 14:14:50
productpage-v1,details-v1,2024-03-05 14:14:50
productpage-v1,reviews-v3,2024-03-05 14:14:50
istio-ingressgateway,productpage-v1,2024-03-05 14:14:50
reviews-v3-5fd56449d8-tv4wp,izbp16opgy3xucvexwqp9dz,2024-03-05 14:14:50
details-v1-b788479c5-bbg6t,izbp1gwb52uyj3g0wn52lfz,2024-03-05 14:14:50
reviews-v3,ratings-v1,2024-03-05 14:14:50
istio-ingressgateway,productpage-v1,2024-03-05 14:14:55
reviews-v1-7b76c4f45d-x9mxc,izbp16opgy3xucvexwqp9dz,2024-03-05 14:14:55
reviews-v2-6ccf99c555-fqvhb,izbp1gwb52uyj3g0wn52lez,2024-03-05 14:14:55
details-v1-b788479c5-bbg6t,izbp1gwb52uyj3g0wn52lfz,2024-03-05 14:14:55
ratings-v1-5b6b66f9b5-n4ddg,izbp16opgy3xucvexwqp9dz,2024-03-05 14:14:55
productpage-v1,reviews-v2,2024-03-05 14:14:55
productpage-v1,reviews-v3,2024-03-05 14:14:55
reviews-v3,ratings-v1,2024-03-05 14:14:55
productpage-v1-7fb564989f-hm9g2,izbp1gwb52uyj3g0wn52lfz,2024-03-05 14:14:55
productpage-v1,details-v1,2024-03-05 14:14:55
reviews-v2,ratings-v1,2024-03-05 14:14:55
productpage-v1,reviews-v1,2024-03-05 14:14:55
reviews-v3-5fd56449d8-tv4wp,izbp16opgy3xucvexwqp9dz,2024-03-05 14:14:55
productpage-v1,reviews-v2,2024-03-05 14:15:00
details-v1-b788479c5-bbg6t,izbp1gwb52uyj3g0wn52lfz,2024-03-05 14:15:00
productpage-v1-7fb564989f-hm9g2,izbp1gwb52uyj3g0wn52lfz,2024-03-05 14:15:00
reviews-v3,ratings-v1,2024-03-05 14:15:00
istio-ingressgateway,productpage-v1,2024-03-05 14:15:00
reviews-v1-7b76c4f45d-x9mxc,izbp16opgy3xucvexwqp9dz,2024-03-05 14:15:00
reviews-v2,ratings-v1,2024-03-05 14:15:00
productpage-v1,reviews-v3,2024-03-05 14:15:00
reviews-v2-6ccf99c555-fqvhb,izbp1gwb52uyj3g0wn52lez,2024-03-05 14:15:00
productpage-v1,details-v1,2024-03-05 14:15:00
productpage-v1,reviews-v1,2024-03-05 14:15:00
reviews-v3-5fd56449d8-tv4wp,izbp16opgy3xucvexwqp9dz,2024-03-05 14:15:00
ratings-v1-5b6b66f9b5-n4ddg,izbp16opgy3xucvexwqp9dz,2024-03-05 14:15:00
reviews-v1-7b76c4f45d-x9mxc,izbp16opgy3xucvexwqp9dz,2024-03-05 14:15:05
reviews-v3,ratings-v1,2024-03-05 14:15:05
productpage-v1-7fb564989f-hm9g2,izbp1gwb52uyj3g0wn52lfz,2024-03-05 14:15:05
details-v1-b788479c5-bbg6t,izbp1gwb52uyj3g0wn52lfz,2024-03-05 14:15:05
ratings-v1-5b6b66f9b5-n4ddg,izbp16opgy3xucvexwqp9dz,2024-03-05 14:15:05
productpage-v1,reviews-v3,2024-03-05 14:15:05
reviews-v2-6ccf99c555-fqvhb,izbp1gwb52uyj3g0wn52lez,2024-03-05 14:15:05
productpage-v1,details-v1,2024-03-05 14:15:05
productpage-v1,reviews-v1,2024-03-05 14:15:05
reviews-v2,ratings-v1,2024-03-05 14:15:05
reviews-v3-5fd56449d8-tv4wp,izbp16opgy3xucvexwqp9dz,2024-03-05 14:15:05
istio-ingressgateway,productpage-v1,2024-03-05 14:15:05
productpage-v1,reviews-v2,2024-03-05 14:15:05
ratings-v1-5b6b66f9b5-n4ddg,izbp16opgy3xucvexwqp9dz,2024-03-05 14:15:10
productpage-v1,reviews-v1,2024-03-05 14:15:10
reviews-v3-5fd56449d8-tv4wp,izbp16opgy3xucvexwqp9dz,2024-03-05 14:15:10
productpage-v1,reviews-v3,2024-03-05 14:15:10
productpage-v1,reviews-v2,2024-03-05 14:15:10
reviews-v1-7b76c4f45d-x9mxc,izbp16opgy3xucvexwqp9dz,2024-03-05 14:15:10
reviews-v3,ratings-v1,2024-03-05 14:15:10
productpage-v1,details-v1,2024-03-05 14:15:10
details-v1-b788479c5-bbg6t,izbp1gwb52uyj3g0wn52lfz,2024-03-05 14:15:10
reviews-v2-6ccf99c555-fqvhb,izbp1gwb52uyj3g0wn52lez,2024-03-05 14:15:10
reviews-v2,ratings-v1,2024-03-05 14:15:10
productpage-v1-7fb564989f-hm9g2,izbp1gwb52uyj3g0wn52lfz,2024-03-05 14:15:10
istio-ingressgateway,productpage-v1,2024-03-05 14:15:10
productpage-v1,details-v1,2024-03-05 14:15:15
reviews-v3-5fd56449d8-tv4wp,izbp16opgy3xucvexwqp9dz,2024-03-05 14:15:15
reviews-v2,ratings-v1,2024-03-05 14:15:15
productpage-v1-7fb564989f-hm9g2,izbp1gwb52uyj3g0wn52lfz,2024-03-05 14:15:15
productpage-v1,reviews-v3,2024-03-05 14:15:15
details-v1-b788479c5-bbg6t,izbp1gwb52uyj3g0wn52lfz,2024-03-05 14:15:15
ratings-v1-5b6b66f9b5-n4ddg,izbp16opgy3xucvexwqp9dz,2024-03-05 14:15:15
reviews-v2-6ccf99c555-fqvhb,izbp1gwb52uyj3g0wn52lez,2024-03-05 14:15:15
reviews-v1-7b76c4f45d-x9mxc,izbp16opgy3xucvexwqp9dz,2024-03-05 14:15:15
productpage-v1,reviews-v2,2024-03-05 14:15:15
istio-ingressgateway,productpage-v1,2024-03-05 14:15:15
reviews-v3,ratings-v1,2024-03-05 14:15:15
productpage-v1,reviews-v1,2024-03-05 14:15:15
productpage-v1,reviews-v2,2024-03-05 14:15:20
reviews-v3-5fd56449d8-tv4wp,izbp16opgy3xucvexwqp9dz,2024-03-05 14:15:20
details-v1-b788479c5-bbg6t,izbp1gwb52uyj3g0wn52lfz,2024-03-05 14:15:20
reviews-v2,ratings-v1,2024-03-05 14:15:20
productpage-v1,reviews-v3,2024-03-05 14:15:20
productpage-v1-7fb564989f-hm9g2,izbp1gwb52uyj3g0wn52lfz,2024-03-05 14:15:20
reviews-v2-6ccf99c555-fqvhb,izbp1gwb52uyj3g0wn52lez,2024-03-05 14:15:20
reviews-v1-7b76c4f45d-x9mxc,izbp16opgy3xucvexwqp9dz,2024-03-05 14:15:20
productpage-v1,reviews-v1,2024-03-05 14:15:20
productpage-v1,details-v1,2024-03-05 14:15:20
ratings-v1-5b6b66f9b5-n4ddg,izbp16opgy3xucvexwqp9dz,2024-03-05 14:15:20
reviews-v3,ratings-v1,2024-03-05 14:15:20
istio-ingressgateway,productpage-v1,2024-03-05 14:15:20
reviews-v3-5fd56449d8-tv4wp,izbp16opgy3xucvexwqp9dz,2024-03-05 14:15:25
reviews-v3,ratings-v1,2024-03-05 14:15:25
details-v1-b788479c5-bbg6t,izbp1gwb52uyj3g0wn52lfz,2024-03-05 14:15:25
reviews-v2,ratings-v1,2024-03-05 14:15:25
productpage-v1,details-v1,2024-03-05 14:15:25
productpage-v1,reviews-v1,2024-03-05 14:15:25
productpage-v1,reviews-v3,2024-03-05 14:15:25
productpage-v1-7fb564989f-hm9g2,izbp1gwb52uyj3g0wn52lfz,2024-03-05 14:15:25
reviews-v1-7b76c4f45d-x9mxc,izbp16opgy3xucvexwqp9dz,2024-03-05 14:15:25
istio-ingressgateway,productpage-v1,2024-03-05 14:15:25
ratings-v1-5b6b66f9b5-n4ddg,izbp16opgy3xucvexwqp9dz,2024-03-05 14:15:25
productpage-v1,reviews-v2,2024-03-05 14:15:25
reviews-v2-6ccf99c555-fqvhb,izbp1gwb52uyj3g0wn52lez,2024-03-05 14:15:25
productpage-v1,reviews-v1,2024-03-05 14:15:30
reviews-v2,ratings-v1,2024-03-05 14:15:30
reviews-v2-6ccf99c555-fqvhb,izbp1gwb52uyj3g0wn52lez,2024-03-05 14:15:30
productpage-v1,reviews-v3,2024-03-05 14:15:30
productpage-v1,details-v1,2024-03-05 14:15:30
reviews-v3-5fd56449d8-tv4wp,izbp16opgy3xucvexwqp9dz,2024-03-05 14:15:30
ratings-v1-5b6b66f9b5-n4ddg,izbp16opgy3xucvexwqp9dz,2024-03-05 14:15:30
productpage-v1-7fb564989f-hm9g2,izbp1gwb52uyj3g0wn52lfz,2024-03-05 14:15:30
istio-ingressgateway,productpage-v1,2024-03-05 14:15:30
reviews-v3,ratings-v1,2024-03-05 14:15:30
productpage-v1,reviews-v2,2024-03-05 14:15:30
reviews-v1-7b76c4f45d-x9mxc,izbp16opgy3xucvexwqp9dz,2024-03-05 14:15:30
details-v1-b788479c5-bbg6t,izbp1gwb52uyj3g0wn52lfz,2024-03-05 14:15:30
productpage-v1-7fb564989f-hm9g2,izbp1gwb52uyj3g0wn52lfz,2024-03-05 14:15:35
reviews-v2-6ccf99c555-fqvhb,izbp1gwb52uyj3g0wn52lez,2024-03-05 14:15:35
istio-ingressgateway,productpage-v1,2024-03-05 14:15:35
productpage-v1,reviews-v2,2024-03-05 14:15:35
reviews-v1-7b76c4f45d-x9mxc,izbp16opgy3xucvexwqp9dz,2024-03-05 14:15:35
reviews-v3-5fd56449d8-tv4wp,izbp16opgy3xucvexwqp9dz,2024-03-05 14:15:35
reviews-v2,ratings-v1,2024-03-05 14:15:35
productpage-v1,reviews-v1,2024-03-05 14:15:35
ratings-v1-5b6b66f9b5-n4ddg,izbp16opgy3xucvexwqp9dz,2024-03-05 14:15:35
productpage-v1,details-v1,2024-03-05 14:15:35
productpage-v1,reviews-v3,2024-03-05 14:15:35
reviews-v3,ratings-v1,2024-03-05 14:15:35
details-v1-b788479c5-bbg6t,izbp1gwb52uyj3g0wn52lfz,2024-03-05 14:15:35
productpage-v1-7fb564989f-hm9g2,izbp1gwb52uyj3g0wn52lfz,2024-03-05 14:15:40
ratings-v1-5b6b66f9b5-n4ddg,izbp16opgy3xucvexwqp9dz,2024-03-05 14:15:40
productpage-v1,details-v1,2024-03-05 14:15:40
reviews-v3,ratings-v1,2024-03-05 14:15:40
reviews-v3-5fd56449d8-tv4wp,izbp16opgy3xucvexwqp9dz,2024-03-05 14:15:40
istio-ingressgateway,productpage-v1,2024-03-05 14:15:40
productpage-v1,reviews-v3,2024-03-05 14:15:40
details-v1-b788479c5-bbg6t,izbp1gwb52uyj3g0wn52lfz,2024-03-05 14:15:40
productpage-v1,reviews-v2,2024-03-05 14:15:40
reviews-v2,ratings-v1,2024-03-05 14:15:40
productpage-v1,reviews-v1,2024-03-05 14:15:40
reviews-v1-7b76c4f45d-x9mxc,izbp16opgy3xucvexwqp9dz,2024-03-05 14:15:40
reviews-v2-6ccf99c555-fqvhb,izbp1gwb52uyj3g0wn52lez,2024-03-05 14:15:40
reviews-v2,ratings-v1,2024-03-05 14:15:45
productpage-v1,reviews-v1,2024-03-05 14:15:45
reviews-v3,ratings-v1,2024-03-05 14:15:45
reviews-v2-6ccf99c555-fqvhb,izbp1gwb52uyj3g0wn52lez,2024-03-05 14:15:45
reviews-v3-5fd56449d8-tv4wp,izbp16opgy3xucvexwqp9dz,2024-03-05 14:15:45
productpage-v1,details-v1,2024-03-05 14:15:45
ratings-v1-5b6b66f9b5-n4ddg,izbp16opgy3xucvexwqp9dz,2024-03-05 14:15:45
productpage-v1,reviews-v2,2024-03-05 14:15:45
istio-ingressgateway,productpage-v1,2024-03-05 14:15:45
productpage-v1-7fb564989f-hm9g2,izbp1gwb52uyj3g0wn52lfz,2024-03-05 14:15:45
productpage-v1,reviews-v3,2024-03-05 14:15:45
details-v1-b788479c5-bbg6t,izbp1gwb52uyj3g0wn52lfz,2024-03-05 14:15:45
reviews-v1-7b76c4f45d-x9mxc,izbp16opgy3xucvexwqp9dz,2024-03-05 14:15:45
reviews-v2-6ccf99c555-fqvhb,izbp1gwb52uyj3g0wn52lez,2024-03-05 14:15:50
reviews-v3,ratings-v1,2024-03-05 14:15:50
productpage-v1-7fb564989f-hm9g2,izbp1gwb52uyj3g0wn52lfz,2024-03-05 14:15:50
reviews-v1-7b76c4f45d-x9mxc,izbp16opgy3xucvexwqp9dz,2024-03-05 14:15:50
reviews-v2,ratings-v1,2024-03-05 14:15:50
istio-ingressgateway,productpage-v1,2024-03-05 14:15:50
productpage-v1,reviews-v1,2024-03-05 14:15:50
ratings-v1-5b6b66f9b5-n4ddg,izbp16opgy3xucvexwqp9dz,2024-03-05 14:15:50
reviews-v3-5fd56449d8-tv4wp,izbp16opgy3xucvexwqp9dz,2024-03-05 14:15:50
productpage-v1,reviews-v2,2024-03-05 14:15:50
productpage-v1,reviews-v3,2024-03-05 14:15:50
details-v1-b788479c5-bbg6t,izbp1gwb52uyj3g0wn52lfz,2024-03-05 14:15:50
productpage-v1,details-v1,2024-03-05 14:15:50
istio-ingressgateway,productpage-v1,2024-03-05 14:15:55
productpage-v1,details-v1,2024-03-05 14:15:55
details-v1-b788479c5-bbg6t,izbp1gwb52uyj3g0wn52lfz,2024-03-05 14:15:55
productpage-v1,reviews-v2,2024-03-05 14:15:55
productpage-v1-7fb564989f-hm9g2,izbp1gwb52uyj3g0wn52lfz,2024-03-05 14:15:55
reviews-v3,ratings-v1,2024-03-05 14:15:55
reviews-v1-7b76c4f45d-x9mxc,izbp16opgy3xucvexwqp9dz,2024-03-05 14:15:55
productpage-v1,reviews-v1,2024-03-05 14:15:55
reviews-v2,ratings-v1,2024-03-05 14:15:55
reviews-v3-5fd56449d8-tv4wp,izbp16opgy3xucvexwqp9dz,2024-03-05 14:15:55
reviews-v2-6ccf99c555-fqvhb,izbp1gwb52uyj3g0wn52lez,2024-03-05 14:15:55
ratings-v1-5b6b66f9b5-n4ddg,izbp16opgy3xucvexwqp9dz,2024-03-05 14:15:55
productpage-v1,reviews-v3,2024-03-05 14:15:55
details-v1-b788479c5-bbg6t,izbp1gwb52uyj3g0wn52lfz,2024-03-05 14:16:00
reviews-v3,ratings-v1,2024-03-05 14:16:00
productpage-v1,reviews-v2,2024-03-05 14:16:00
productpage-v1,details-v1,2024-03-05 14:16:00
ratings-v1-5b6b66f9b5-n4ddg,izbp16opgy3xucvexwqp9dz,2024-03-05 14:16:00
productpage-v1,reviews-v1,2024-03-05 14:16:00
reviews-v2,ratings-v1,2024-03-05 14:16:00
reviews-v1-7b76c4f45d-x9mxc,izbp16opgy3xucvexwqp9dz,2024-03-05 14:16:00
reviews-v3-5fd56449d8-tv4wp,izbp16opgy3xucvexwqp9dz,2024-03-05 14:16:00
productpage-v1-7fb564989f-hm9g2,izbp1gwb52uyj3g0wn52lfz,2024-03-05 14:16:00
reviews-v2-6ccf99c555-fqvhb,izbp1gwb52uyj3g0wn52lez,2024-03-05 14:16:00
istio-ingressgateway,productpage-v1,2024-03-05 14:16:00
productpage-v1,reviews-v3,2024-03-05 14:16:00
productpage-v1,reviews-v1,2024-03-05 14:16:05
productpage-v1,reviews-v2,2024-03-05 14:16:05
reviews-v1-7b76c4f45d-x9mxc,izbp16opgy3xucvexwqp9dz,2024-03-05 14:16:05
reviews-v3-5fd56449d8-tv4wp,izbp16opgy3xucvexwqp9dz,2024-03-05 14:16:05
reviews-v3,ratings-v1,2024-03-05 14:16:05
productpage-v1,reviews-v3,2024-03-05 14:16:05
ratings-v1-5b6b66f9b5-n4ddg,izbp16opgy3xucvexwqp9dz,2024-03-05 14:16:05
istio-ingressgateway,productpage-v1,2024-03-05 14:16:05
reviews-v2,ratings-v1,2024-03-05 14:16:05
productpage-v1,details-v1,2024-03-05 14:16:05
productpage-v1-7fb564989f-hm9g2,izbp1gwb52uyj3g0wn52lfz,2024-03-05 14:16:05
reviews-v2-6ccf99c555-fqvhb,izbp1gwb52uyj3g0wn52lez,2024-03-05 14:16:05
details-v1-b788479c5-bbg6t,izbp1gwb52uyj3g0wn52lfz,2024-03-05 14:16:05
productpage-v1,reviews-v3,2024-03-05 14:16:10
ratings-v1-5b6b66f9b5-n4ddg,izbp16opgy3xucvexwqp9dz,2024-03-05 14:16:10
istio-ingressgateway,productpage-v1,2024-03-05 14:16:10
reviews-v2-6ccf99c555-fqvhb,izbp1gwb52uyj3g0wn52lez,2024-03-05 14:16:10
productpage-v1,details-v1,2024-03-05 14:16:10
productpage-v1-7fb564989f-hm9g2,izbp1gwb52uyj3g0wn52lfz,2024-03-05 14:16:10
productpage-v1,reviews-v1,2024-03-05 14:16:10
reviews-v3,ratings-v1,2024-03-05 14:16:10
productpage-v1,reviews-v2,2024-03-05 14:16:10
reviews-v2,ratings-v1,2024-03-05 14:16:10
details-v1-b788479c5-bbg6t,izbp1gwb52uyj3g0wn52lfz,2024-03-05 14:16:10
reviews-v3-5fd56449d8-tv4wp,izbp16opgy3xucvexwqp9dz,2024-03-05 14:16:10
reviews-v1-7b76c4f45d-x9mxc,izbp16opgy3xucvexwqp9dz,2024-03-05 14:16:10
ratings-v1-5b6b66f9b5-n4ddg,izbp16opgy3xucvexwqp9dz,2024-03-05 14:16:15
productpage-v1-7fb564989f-hm9g2,izbp1gwb52uyj3g0wn52lfz,2024-03-05 14:16:15
reviews-v3-5fd56449d8-tv4wp,izbp16opgy3xucvexwqp9dz,2024-03-05 14:16:15
productpage-v1,reviews-v3,2024-03-05 14:16:15
productpage-v1,reviews-v1,2024-03-05 14:16:15
reviews-v2,ratings-v1,2024-03-05 14:16:15
productpage-v1,details-v1,2024-03-05 14:16:15
details-v1-b788479c5-bbg6t,izbp1gwb52uyj3g0wn52lfz,2024-03-05 14:16:15
reviews-v3,ratings-v1,2024-03-05 14:16:15
productpage-v1,reviews-v2,2024-03-05 14:16:15
reviews-v2-6ccf99c555-fqvhb,izbp1gwb52uyj3g0wn52lez,2024-03-05 14:16:15
istio-ingressgateway,productpage-v1,2024-03-05 14:16:15
reviews-v1-7b76c4f45d-x9mxc,izbp16opgy3xucvexwqp9dz,2024-03-05 14:16:15
reviews-v2,ratings-v1,2024-03-05 14:16:20
reviews-v3-5fd56449d8-tv4wp,izbp16opgy3xucvexwqp9dz,2024-03-05 14:16:20
ratings-v1-5b6b66f9b5-n4ddg,izbp16opgy3xucvexwqp9dz,2024-03-05 14:16:20
details-v1-b788479c5-bbg6t,izbp1gwb52uyj3g0wn52lfz,2024-03-05 14:16:20
reviews-v3,ratings-v1,2024-03-05 14:16:20
reviews-v2-6ccf99c555-fqvhb,izbp1gwb52uyj3g0wn52lez,2024-03-05 14:16:20
productpage-v1,reviews-v3,2024-03-05 14:16:20
productpage-v1,reviews-v1,2024-03-05 14:16:20
productpage-v1,details-v1,2024-03-05 14:16:20
productpage-v1-7fb564989f-hm9g2,izbp1gwb52uyj3g0wn52lfz,2024-03-05 14:16:20
istio-ingressgateway,productpage-v1,2024-03-05 14:16:20
reviews-v1-7b76c4f45d-x9mxc,izbp16opgy3xucvexwqp9dz,2024-03-05 14:16:20
productpage-v1,reviews-v2,2024-03-05 14:16:20
reviews-v3,ratings-v1,2024-03-05 14:16:25
ratings-v1-5b6b66f9b5-n4ddg,izbp16opgy3xucvexwqp9dz,2024-03-05 14:16:25
reviews-v3-5fd56449d8-tv4wp,izbp16opgy3xucvexwqp9dz,2024-03-05 14:16:25
reviews-v2-6ccf99c555-fqvhb,izbp1gwb52uyj3g0wn52lez,2024-03-05 14:16:25
productpage-v1-7fb564989f-hm9g2,izbp1gwb52uyj3g0wn52lfz,2024-03-05 14:16:25
productpage-v1,reviews-v2,2024-03-05 14:16:25
reviews-v2,ratings-v1,2024-03-05 14:16:25
details-v1-b788479c5-bbg6t,izbp1gwb52uyj3g0wn52lfz,2024-03-05 14:16:25
productpage-v1,reviews-v1,2024-03-05 14:16:25
istio-ingressgateway,productpage-v1,2024-03-05 14:16:25
productpage-v1,details-v1,2024-03-05 14:16:25
reviews-v1-7b76c4f45d-x9mxc,izbp16opgy3xucvexwqp9dz,2024-03-05 14:16:25
productpage-v1,reviews-v3,2024-03-05 14:16:25
details-v1-b788479c5-bbg6t,izbp1gwb52uyj3g0wn52lfz,2024-03-05 14:16:30
productpage-v1,reviews-v2,2024-03-05 14:16:30
reviews-v2-6ccf99c555-fqvhb,izbp1gwb52uyj3g0wn52lez,2024-03-05 14:16:30
istio-ingressgateway,productpage-v1,2024-03-05 14:16:30
ratings-v1-5b6b66f9b5-n4ddg,izbp16opgy3xucvexwqp9dz,2024-03-05 14:16:30
productpage-v1,reviews-v3,2024-03-05 14:16:30
productpage-v1-7fb564989f-hm9g2,izbp1gwb52uyj3g0wn52lfz,2024-03-05 14:16:30
productpage-v1,details-v1,2024-03-05 14:16:30
reviews-v3-5fd56449d8-tv4wp,izbp16opgy3xucvexwqp9dz,2024-03-05 14:16:30
productpage-v1,reviews-v1,2024-03-05 14:16:30
reviews-v1-7b76c4f45d-x9mxc,izbp16opgy3xucvexwqp9dz,2024-03-05 14:16:30
reviews-v2,ratings-v1,2024-03-05 14:16:30
reviews-v3,ratings-v1,2024-03-05 14:16:30
reviews-v3,ratings-v1,2024-03-05 14:16:35
istio-ingressgateway,productpage-v1,2024-03-05 14:16:35
productpage-v1,reviews-v1,2024-03-05 14:16:35
reviews-v1-7b76c4f45d-x9mxc,izbp16opgy3xucvexwqp9dz,2024-03-05 14:16:35
details-v1-b788479c5-bbg6t,izbp1gwb52uyj3g0wn52lfz,2024-03-05 14:16:35
productpage-v1,reviews-v2,2024-03-05 14:16:35
reviews-v2,ratings-v1,2024-03-05 14:16:35
productpage-v1,details-v1,2024-03-05 14:16:35
productpage-v1-7fb564989f-hm9g2,izbp1gwb52uyj3g0wn52lfz,2024-03-05 14:16:35
reviews-v3-5fd56449d8-tv4wp,izbp16opgy3xucvexwqp9dz,2024-03-05 14:16:35
reviews-v2-6ccf99c555-fqvhb,izbp1gwb52uyj3g0wn52lez,2024-03-05 14:16:35
productpage-v1,reviews-v3,2024-03-05 14:16:35
ratings-v1-5b6b66f9b5-n4ddg,izbp16opgy3xucvexwqp9dz,2024-03-05 14:16:35
productpage-v1,details-v1,2024-03-05 14:16:40
istio-ingressgateway,productpage-v1,2024-03-05 14:16:40
reviews-v2-6ccf99c555-fqvhb,izbp1gwb52uyj3g0wn52lez,2024-03-05 14:16:40
productpage-v1-7fb564989f-hm9g2,izbp1gwb52uyj3g0wn52lfz,2024-03-05 14:16:40
details-v1-b788479c5-bbg6t,izbp1gwb52uyj3g0wn52lfz,2024-03-05 14:16:40
reviews-v2,ratings-v1,2024-03-05 14:16:40
reviews-v1-7b76c4f45d-x9mxc,izbp16opgy3xucvexwqp9dz,2024-03-05 14:16:40
productpage-v1,reviews-v3,2024-03-05 14:16:40
reviews-v3-5fd56449d8-tv4wp,izbp16opgy3xucvexwqp9dz,2024-03-05 14:16:40
productpage-v1,reviews-v2,2024-03-05 14:16:40
ratings-v1-5b6b66f9b5-n4ddg,izbp16opgy3xucvexwqp9dz,2024-03-05 14:16:40
productpage-v1,reviews-v1,2024-03-05 14:16:40
reviews-v3,ratings-v1,2024-03-05 14:16:40
productpage-v1-7fb564989f-hm9g2,izbp1gwb52uyj3g0wn52lfz,2024-03-05 14:16:45
details-v1-b788479c5-bbg6t,izbp1gwb52uyj3g0wn52lfz,2024-03-05 14:16:45
reviews-v3-5fd56449d8-tv4wp,izbp16opgy3xucvexwqp9dz,2024-03-05 14:16:45
reviews-v2-6ccf99c555-fqvhb,izbp1gwb52uyj3g0wn52lez,2024-03-05 14:16:45
ratings-v1-5b6b66f9b5-n4ddg,izbp16opgy3xucvexwqp9dz,2024-03-05 14:16:45
reviews-v1-7b76c4f45d-x9mxc,izbp16opgy3xucvexwqp9dz,2024-03-05 14:16:45
productpage-v1,reviews-v3,2024-03-05 14:16:45
productpage-v1,reviews-v1,2024-03-05 14:16:45
reviews-v3,ratings-v1,2024-03-05 14:16:45
productpage-v1,details-v1,2024-03-05 14:16:45
reviews-v2,ratings-v1,2024-03-05 14:16:45
productpage-v1,reviews-v2,2024-03-05 14:16:45
istio-ingressgateway,productpage-v1,2024-03-05 14:16:45
reviews-v2-6ccf99c555-fqvhb,izbp1gwb52uyj3g0wn52lez,2024-03-05 14:16:50
productpage-v1,reviews-v1,2024-03-05 14:16:50
reviews-v3,ratings-v1,2024-03-05 14:16:50
productpage-v1-7fb564989f-hm9g2,izbp1gwb52uyj3g0wn52lfz,2024-03-05 14:16:50
ratings-v1-5b6b66f9b5-n4ddg,izbp16opgy3xucvexwqp9dz,2024-03-05 14:16:50
istio-ingressgateway,productpage-v1,2024-03-05 14:16:50
productpage-v1,reviews-v3,2024-03-05 14:16:50
reviews-v3-5fd56449d8-tv4wp,izbp16opgy3xucvexwqp9dz,2024-03-05 14:16:50
details-v1-b788479c5-bbg6t,izbp1gwb52uyj3g0wn52lfz,2024-03-05 14:16:50
productpage-v1,details-v1,2024-03-05 14:16:50
reviews-v2,ratings-v1,2024-03-05 14:16:50
reviews-v1-7b76c4f45d-x9mxc,izbp16opgy3xucvexwqp9dz,2024-03-05 14:16:50
productpage-v1,reviews-v2,2024-03-05 14:16:50
productpage-v1,reviews-v2,2024-03-05 14:16:55
details-v1-b788479c5-bbg6t,izbp1gwb52uyj3g0wn52lfz,2024-03-05 14:16:55
istio-ingressgateway,productpage-v1,2024-03-05 14:16:55
productpage-v1,reviews-v1,2024-03-05 14:16:55
productpage-v1,details-v1,2024-03-05 14:16:55
reviews-v3,ratings-v1,2024-03-05 14:16:55
productpage-v1-7fb564989f-hm9g2,izbp1gwb52uyj3g0wn52lfz,2024-03-05 14:16:55
reviews-v2,ratings-v1,2024-03-05 14:16:55
reviews-v3-5fd56449d8-tv4wp,izbp16opgy3xucvexwqp9dz,2024-03-05 14:16:55
ratings-v1-5b6b66f9b5-n4ddg,izbp16opgy3xucvexwqp9dz,2024-03-05 14:16:55
reviews-v2-6ccf99c555-fqvhb,izbp1gwb52uyj3g0wn52lez,2024-03-05 14:16:55
reviews-v1-7b76c4f45d-x9mxc,izbp16opgy3xucvexwqp9dz,2024-03-05 14:16:55
productpage-v1,reviews-v3,2024-03-05 14:16:55
ratings-v1-5b6b66f9b5-n4ddg,izbp16opgy3xucvexwqp9dz,2024-03-05 14:17:00
productpage-v1,reviews-v2,2024-03-05 14:17:00
productpage-v1-7fb564989f-hm9g2,izbp1gwb52uyj3g0wn52lfz,2024-03-05 14:17:00
istio-ingressgateway,productpage-v1,2024-03-05 14:17:00
reviews-v3-5fd56449d8-tv4wp,izbp16opgy3xucvexwqp9dz,2024-03-05 14:17:00
productpage-v1,reviews-v1,2024-03-05 14:17:00
reviews-v1-7b76c4f45d-x9mxc,izbp16opgy3xucvexwqp9dz,2024-03-05 14:17:00
reviews-v3,ratings-v1,2024-03-05 14:17:00
reviews-v2,ratings-v1,2024-03-05 14:17:00
productpage-v1,reviews-v3,2024-03-05 14:17:00
details-v1-b788479c5-bbg6t,izbp1gwb52uyj3g0wn52lfz,2024-03-05 14:17:00
reviews-v2-6ccf99c555-fqvhb,izbp1gwb52uyj3g0wn52lez,2024-03-05 14:17:00
productpage-v1,details-v1,2024-03-05 14:17:00
reviews-v1-7b76c4f45d-x9mxc,izbp16opgy3xucvexwqp9dz,2024-03-05 14:17:05
productpage-v1,reviews-v2,2024-03-05 14:17:05
details-v1-b788479c5-bbg6t,izbp1gwb52uyj3g0wn52lfz,2024-03-05 14:17:05
productpage-v1-7fb564989f-hm9g2,izbp1gwb52uyj3g0wn52lfz,2024-03-05 14:17:05
istio-ingressgateway,productpage-v1,2024-03-05 14:17:05
ratings-v1-5b6b66f9b5-n4ddg,izbp16opgy3xucvexwqp9dz,2024-03-05 14:17:05
reviews-v3-5fd56449d8-tv4wp,izbp16opgy3xucvexwqp9dz,2024-03-05 14:17:05
productpage-v1,reviews-v3,2024-03-05 14:17:05
reviews-v2,ratings-v1,2024-03-05 14:17:05
reviews-v2-6ccf99c555-fqvhb,izbp1gwb52uyj3g0wn52lez,2024-03-05 14:17:05
reviews-v3,ratings-v1,2024-03-05 14:17:05
productpage-v1,details-v1,2024-03-05 14:17:05
productpage-v1,reviews-v1,2024-03-05 14:17:05
productpage-v1,details-v1,2024-03-05 14:17:10
productpage-v1,reviews-v3,2024-03-05 14:17:10
reviews-v1-7b76c4f45d-x9mxc,izbp16opgy3xucvexwqp9dz,2024-03-05 14:17:10
reviews-v3,ratings-v1,2024-03-05 14:17:10
productpage-v1,reviews-v1,2024-03-05 14:17:10
reviews-v3-5fd56449d8-tv4wp,izbp16opgy3xucvexwqp9dz,2024-03-05 14:17:10
productpage-v1-7fb564989f-hm9g2,izbp1gwb52uyj3g0wn52lfz,2024-03-05 14:17:10
reviews-v2,ratings-v1,2024-03-05 14:17:10
productpage-v1,reviews-v2,2024-03-05 14:17:10
istio-ingressgateway,productpage-v1,2024-03-05 14:17:10
ratings-v1-5b6b66f9b5-n4ddg,izbp16opgy3xucvexwqp9dz,2024-03-05 14:17:10
reviews-v2-6ccf99c555-fqvhb,izbp1gwb52uyj3g0wn52lez,2024-03-05 14:17:10
details-v1-b788479c5-bbg6t,izbp1gwb52uyj3g0wn52lfz,2024-03-05 14:17:10
reviews-v3-5fd56449d8-tv4wp,izbp16opgy3xucvexwqp9dz,2024-03-05 14:17:15
reviews-v3,ratings-v1,2024-03-05 14:17:15
productpage-v1,details-v1,2024-03-05 14:17:15
reviews-v2-6ccf99c555-fqvhb,izbp1gwb52uyj3g0wn52lez,2024-03-05 14:17:15
productpage-v1,reviews-v1,2024-03-05 14:17:15
productpage-v1,reviews-v3,2024-03-05 14:17:15
reviews-v1-7b76c4f45d-x9mxc,izbp16opgy3xucvexwqp9dz,2024-03-05 14:17:15
reviews-v2,ratings-v1,2024-03-05 14:17:15
details-v1-b788479c5-bbg6t,izbp1gwb52uyj3g0wn52lfz,2024-03-05 14:17:15
istio-ingressgateway,productpage-v1,2024-03-05 14:17:15
ratings-v1-5b6b66f9b5-n4ddg,izbp16opgy3xucvexwqp9dz,2024-03-05 14:17:15
productpage-v1-7fb564989f-hm9g2,izbp1gwb52uyj3g0wn52lfz,2024-03-05 14:17:15
productpage-v1,reviews-v2,2024-03-05 14:17:15
reviews-v3,ratings-v1,2024-03-05 14:17:20
reviews-v2,ratings-v1,2024-03-05 14:17:20
details-v1-b788479c5-bbg6t,izbp1gwb52uyj3g0wn52lfz,2024-03-05 14:17:20
reviews-v3-5fd56449d8-tv4wp,izbp16opgy3xucvexwqp9dz,2024-03-05 14:17:20
productpage-v1,reviews-v1,2024-03-05 14:17:20
reviews-v1-7b76c4f45d-x9mxc,izbp16opgy3xucvexwqp9dz,2024-03-05 14:17:20
reviews-v2-6ccf99c555-fqvhb,izbp1gwb52uyj3g0wn52lez,2024-03-05 14:17:20
productpage-v1,reviews-v2,2024-03-05 14:17:20
productpage-v1-7fb564989f-hm9g2,izbp1gwb52uyj3g0wn52lfz,2024-03-05 14:17:20
ratings-v1-5b6b66f9b5-n4ddg,izbp16opgy3xucvexwqp9dz,2024-03-05 14:17:20
istio-ingressgateway,productpage-v1,2024-03-05 14:17:20
productpage-v1,reviews-v3,2024-03-05 14:17:20
productpage-v1,details-v1,2024-03-05 14:17:20
details-v1-b788479c5-bbg6t,izbp1gwb52uyj3g0wn52lfz,2024-03-05 14:17:25
productpage-v1,reviews-v2,2024-03-05 14:17:25
productpage-v1-7fb564989f-hm9g2,izbp1gwb52uyj3g0wn52lfz,2024-03-05 14:17:25
productpage-v1,reviews-v1,2024-03-05 14:17:25
ratings-v1-5b6b66f9b5-n4ddg,izbp16opgy3xucvexwqp9dz,2024-03-05 14:17:25
reviews-v2-6ccf99c555-fqvhb,izbp1gwb52uyj3g0wn52lez,2024-03-05 14:17:25
reviews-v3-5fd56449d8-tv4wp,izbp16opgy3xucvexwqp9dz,2024-03-05 14:17:25
productpage-v1,details-v1,2024-03-05 14:17:25
productpage-v1,reviews-v3,2024-03-05 14:17:25
reviews-v3,ratings-v1,2024-03-05 14:17:25
reviews-v1-7b76c4f45d-x9mxc,izbp16opgy3xucvexwqp9dz,2024-03-05 14:17:25
reviews-v2,ratings-v1,2024-03-05 14:17:25
istio-ingressgateway,productpage-v1,2024-03-05 14:17:25
reviews-v3-5fd56449d8-tv4wp,izbp16opgy3xucvexwqp9dz,2024-03-05 14:17:30
productpage-v1,reviews-v3,2024-03-05 14:17:30
ratings-v1-5b6b66f9b5-n4ddg,izbp16opgy3xucvexwqp9dz,2024-03-05 14:17:30
productpage-v1,reviews-v1,2024-03-05 14:17:30
reviews-v3,ratings-v1,2024-03-05 14:17:30
productpage-v1,details-v1,2024-03-05 14:17:30
productpage-v1-7fb564989f-hm9g2,izbp1gwb52uyj3g0wn52lfz,2024-03-05 14:17:30
reviews-v2,ratings-v1,2024-03-05 14:17:30
productpage-v1,reviews-v2,2024-03-05 14:17:30
details-v1-b788479c5-bbg6t,izbp1gwb52uyj3g0wn52lfz,2024-03-05 14:17:30
reviews-v1-7b76c4f45d-x9mxc,izbp16opgy3xucvexwqp9dz,2024-03-05 14:17:30
istio-ingressgateway,productpage-v1,2024-03-05 14:17:30
reviews-v2-6ccf99c555-fqvhb,izbp1gwb52uyj3g0wn52lez,2024-03-05 14:17:30
reviews-v3,ratings-v1,2024-03-05 14:17:35
reviews-v3-5fd56449d8-tv4wp,izbp16opgy3xucvexwqp9dz,2024-03-05 14:17:35
productpage-v1,reviews-v2,2024-03-05 14:17:35
productpage-v1,details-v1,2024-03-05 14:17:35
reviews-v1-7b76c4f45d-x9mxc,izbp16opgy3xucvexwqp9dz,2024-03-05 14:17:35
productpage-v1,reviews-v3,2024-03-05 14:17:35
reviews-v2-6ccf99c555-fqvhb,izbp1gwb52uyj3g0wn52lez,2024-03-05 14:17:35
ratings-v1-5b6b66f9b5-n4ddg,izbp16opgy3xucvexwqp9dz,2024-03-05 14:17:35
istio-ingressgateway,productpage-v1,2024-03-05 14:17:35
productpage-v1-7fb564989f-hm9g2,izbp1gwb52uyj3g0wn52lfz,2024-03-05 14:17:35
productpage-v1,reviews-v1,2024-03-05 14:17:35
details-v1-b788479c5-bbg6t,izbp1gwb52uyj3g0wn52lfz,2024-03-05 14:17:35
reviews-v2,ratings-v1,2024-03-05 14:17:35
productpage-v1,reviews-v1,2024-03-05 14:17:40
productpage-v1-7fb564989f-hm9g2,izbp1gwb52uyj3g0wn52lfz,2024-03-05 14:17:40
reviews-v1-7b76c4f45d-x9mxc,izbp16opgy3xucvexwqp9dz,2024-03-05 14:17:40
productpage-v1,reviews-v3,2024-03-05 14:17:40
productpage-v1,reviews-v2,2024-03-05 14:17:40
reviews-v2,ratings-v1,2024-03-05 14:17:40
details-v1-b788479c5-bbg6t,izbp1gwb52uyj3g0wn52lfz,2024-03-05 14:17:40
reviews-v3-5fd56449d8-tv4wp,izbp16opgy3xucvexwqp9dz,2024-03-05 14:17:40
reviews-v2-6ccf99c555-fqvhb,izbp1gwb52uyj3g0wn52lez,2024-03-05 14:17:40
reviews-v3,ratings-v1,2024-03-05 14:17:40
ratings-v1-5b6b66f9b5-n4ddg,izbp16opgy3xucvexwqp9dz,2024-03-05 14:17:40
istio-ingressgateway,productpage-v1,2024-03-05 14:17:40
productpage-v1,details-v1,2024-03-05 14:17:40
reviews-v3-5fd56449d8-tv4wp,izbp16opgy3xucvexwqp9dz,2024-03-05 14:17:45
reviews-v3,ratings-v1,2024-03-05 14:17:45
productpage-v1,reviews-v2,2024-03-05 14:17:45
reviews-v2,ratings-v1,2024-03-05 14:17:45
productpage-v1,reviews-v1,2024-03-05 14:17:45
productpage-v1-7fb564989f-hm9g2,izbp1gwb52uyj3g0wn52lfz,2024-03-05 14:17:45
productpage-v1,reviews-v3,2024-03-05 14:17:45
reviews-v1-7b76c4f45d-x9mxc,izbp16opgy3xucvexwqp9dz,2024-03-05 14:17:45
istio-ingressgateway,productpage-v1,2024-03-05 14:17:45
details-v1-b788479c5-bbg6t,izbp1gwb52uyj3g0wn52lfz,2024-03-05 14:17:45
reviews-v2-6ccf99c555-fqvhb,izbp1gwb52uyj3g0wn52lez,2024-03-05 14:17:45
ratings-v1-5b6b66f9b5-n4ddg,izbp16opgy3xucvexwqp9dz,2024-03-05 14:17:45
productpage-v1,details-v1,2024-03-05 14:17:45
productpage-v1,details-v1,2024-03-05 14:17:50
istio-ingressgateway,productpage-v1,2024-03-05 14:17:50
details-v1-b788479c5-bbg6t,izbp1gwb52uyj3g0wn52lfz,2024-03-05 14:17:50
reviews-v2,ratings-v1,2024-03-05 14:17:50
productpage-v1-7fb564989f-hm9g2,izbp1gwb52uyj3g0wn52lfz,2024-03-05 14:17:50
reviews-v2-6ccf99c555-fqvhb,izbp1gwb52uyj3g0wn52lez,2024-03-05 14:17:50
reviews-v3,ratings-v1,2024-03-05 14:17:50
reviews-v1-7b76c4f45d-x9mxc,izbp16opgy3xucvexwqp9dz,2024-03-05 14:17:50
productpage-v1,reviews-v1,2024-03-05 14:17:50
reviews-v3-5fd56449d8-tv4wp,izbp16opgy3xucvexwqp9dz,2024-03-05 14:17:50
productpage-v1,reviews-v3,2024-03-05 14:17:50
ratings-v1-5b6b66f9b5-n4ddg,izbp16opgy3xucvexwqp9dz,2024-03-05 14:17:50
productpage-v1,reviews-v2,2024-03-05 14:17:50
productpage-v1-7fb564989f-hm9g2,izbp1gwb52uyj3g0wn52lfz,2024-03-05 14:17:55
productpage-v1,reviews-v3,2024-03-05 14:17:55
productpage-v1,reviews-v1,2024-03-05 14:17:55
reviews-v2,ratings-v1,2024-03-05 14:17:55
reviews-v1-7b76c4f45d-x9mxc,izbp16opgy3xucvexwqp9dz,2024-03-05 14:17:55
details-v1-b788479c5-bbg6t,izbp1gwb52uyj3g0wn52lfz,2024-03-05 14:17:55
istio-ingressgateway,productpage-v1,2024-03-05 14:17:55
ratings-v1-5b6b66f9b5-n4ddg,izbp16opgy3xucvexwqp9dz,2024-03-05 14:17:55
reviews-v3,ratings-v1,2024-03-05 14:17:55
productpage-v1,reviews-v2,2024-03-05 14:17:55
reviews-v2-6ccf99c555-fqvhb,izbp1gwb52uyj3g0wn52lez,2024-03-05 14:17:55
reviews-v3-5fd56449d8-tv4wp,izbp16opgy3xucvexwqp9dz,2024-03-05 14:17:55
productpage-v1,details-v1,2024-03-05 14:17:55
productpage-v1-7fb564989f-hm9g2,izbp1gwb52uyj3g0wn52lfz,2024-03-05 14:18:00
reviews-v1-7b76c4f45d-x9mxc,izbp16opgy3xucvexwqp9dz,2024-03-05 14:18:00
ratings-v1-5b6b66f9b5-n4ddg,izbp16opgy3xucvexwqp9dz,2024-03-05 14:18:00
reviews-v2-6ccf99c555-fqvhb,izbp1gwb52uyj3g0wn52lez,2024-03-05 14:18:00
productpage-v1,reviews-v3,2024-03-05 14:18:00
productpage-v1,reviews-v1,2024-03-05 14:18:00
reviews-v3,ratings-v1,2024-03-05 14:18:00
reviews-v3-5fd56449d8-tv4wp,izbp16opgy3xucvexwqp9dz,2024-03-05 14:18:00
productpage-v1,reviews-v2,2024-03-05 14:18:00
details-v1-b788479c5-bbg6t,izbp1gwb52uyj3g0wn52lfz,2024-03-05 14:18:00
istio-ingressgateway,productpage-v1,2024-03-05 14:18:00
productpage-v1,details-v1,2024-03-05 14:18:00
reviews-v2,ratings-v1,2024-03-05 14:18:00
productpage-v1,reviews-v1,2024-03-05 14:18:05
details-v1-b788479c5-bbg6t,izbp1gwb52uyj3g0wn52lfz,2024-03-05 14:18:05
reviews-v2-6ccf99c555-fqvhb,izbp1gwb52uyj3g0wn52lez,2024-03-05 14:18:05
reviews-v3-5fd56449d8-tv4wp,izbp16opgy3xucvexwqp9dz,2024-03-05 14:18:05
productpage-v1-7fb564989f-hm9g2,izbp1gwb52uyj3g0wn52lfz,2024-03-05 14:18:05
reviews-v1-7b76c4f45d-x9mxc,izbp16opgy3xucvexwqp9dz,2024-03-05 14:18:05
productpage-v1,details-v1,2024-03-05 14:18:05
productpage-v1,reviews-v2,2024-03-05 14:18:05
reviews-v3,ratings-v1,2024-03-05 14:18:05
productpage-v1,reviews-v3,2024-03-05 14:18:05
istio-ingressgateway,productpage-v1,2024-03-05 14:18:05
reviews-v2,ratings-v1,2024-03-05 14:18:05
ratings-v1-5b6b66f9b5-n4ddg,izbp16opgy3xucvexwqp9dz,2024-03-05 14:18:05
reviews-v1-7b76c4f45d-x9mxc,izbp16opgy3xucvexwqp9dz,2024-03-05 14:18:10
productpage-v1,reviews-v2,2024-03-05 14:18:10
productpage-v1-7fb564989f-hm9g2,izbp1gwb52uyj3g0wn52lfz,2024-03-05 14:18:10
details-v1-b788479c5-bbg6t,izbp1gwb52uyj3g0wn52lfz,2024-03-05 14:18:10
istio-ingressgateway,productpage-v1,2024-03-05 14:18:10
reviews-v3,ratings-v1,2024-03-05 14:18:10
productpage-v1,details-v1,2024-03-05 14:18:10
ratings-v1-5b6b66f9b5-n4ddg,izbp16opgy3xucvexwqp9dz,2024-03-05 14:18:10
reviews-v3-5fd56449d8-tv4wp,izbp16opgy3xucvexwqp9dz,2024-03-05 14:18:10
reviews-v2-6ccf99c555-fqvhb,izbp1gwb52uyj3g0wn52lez,2024-03-05 14:18:10
productpage-v1,reviews-v3,2024-03-05 14:18:10
productpage-v1,reviews-v1,2024-03-05 14:18:10
reviews-v2,ratings-v1,2024-03-05 14:18:10
productpage-v1,details-v1,2024-03-05 14:18:15
reviews-v1-7b76c4f45d-x9mxc,izbp16opgy3xucvexwqp9dz,2024-03-05 14:18:15
reviews-v3-5fd56449d8-tv4wp,izbp16opgy3xucvexwqp9dz,2024-03-05 14:18:15
ratings-v1-5b6b66f9b5-n4ddg,izbp16opgy3xucvexwqp9dz,2024-03-05 14:18:15
reviews-v2,ratings-v1,2024-03-05 14:18:15
productpage-v1,reviews-v3,2024-03-05 14:18:15
details-v1-b788479c5-bbg6t,izbp1gwb52uyj3g0wn52lfz,2024-03-05 14:18:15
productpage-v1,reviews-v1,2024-03-05 14:18:15
istio-ingressgateway,productpage-v1,2024-03-05 14:18:15
reviews-v2-6ccf99c555-fqvhb,izbp1gwb52uyj3g0wn52lez,2024-03-05 14:18:15
productpage-v1-7fb564989f-hm9g2,izbp1gwb52uyj3g0wn52lfz,2024-03-05 14:18:15
reviews-v3,ratings-v1,2024-03-05 14:18:15
productpage-v1,reviews-v2,2024-03-05 14:18:15
reviews-v3-5fd56449d8-tv4wp,izbp16opgy3xucvexwqp9dz,2024-03-05 14:18:20
productpage-v1,reviews-v3,2024-03-05 14:18:20
reviews-v2-6ccf99c555-fqvhb,izbp1gwb52uyj3g0wn52lez,2024-03-05 14:18:20
istio-ingressgateway,productpage-v1,2024-03-05 14:18:20
productpage-v1,reviews-v1,2024-03-05 14:18:20
reviews-v3,ratings-v1,2024-03-05 14:18:20
productpage-v1,details-v1,2024-03-05 14:18:20
ratings-v1-5b6b66f9b5-n4ddg,izbp16opgy3xucvexwqp9dz,2024-03-05 14:18:20
reviews-v2,ratings-v1,2024-03-05 14:18:20
details-v1-b788479c5-bbg6t,izbp1gwb52uyj3g0wn52lfz,2024-03-05 14:18:20
reviews-v1-7b76c4f45d-x9mxc,izbp16opgy3xucvexwqp9dz,2024-03-05 14:18:20
productpage-v1-7fb564989f-hm9g2,izbp1gwb52uyj3g0wn52lfz,2024-03-05 14:18:20
productpage-v1,reviews-v2,2024-03-05 14:18:20
productpage-v1,reviews-v2,2024-03-05 14:18:25
ratings-v1-5b6b66f9b5-n4ddg,izbp16opgy3xucvexwqp9dz,2024-03-05 14:18:25
productpage-v1,details-v1,2024-03-05 14:18:25
productpage-v1,reviews-v3,2024-03-05 14:18:25
productpage-v1-7fb564989f-hm9g2,izbp1gwb52uyj3g0wn52lfz,2024-03-05 14:18:25
reviews-v3-5fd56449d8-tv4wp,izbp16opgy3xucvexwqp9dz,2024-03-05 14:18:25
reviews-v3,ratings-v1,2024-03-05 14:18:25
reviews-v2-6ccf99c555-fqvhb,izbp1gwb52uyj3g0wn52lez,2024-03-05 14:18:25
reviews-v2,ratings-v1,2024-03-05 14:18:25
istio-ingressgateway,productpage-v1,2024-03-05 14:18:25
reviews-v1-7b76c4f45d-x9mxc,izbp16opgy3xucvexwqp9dz,2024-03-05 14:18:25
details-v1-b788479c5-bbg6t,izbp1gwb52uyj3g0wn52lfz,2024-03-05 14:18:25
productpage-v1,reviews-v1,2024-03-05 14:18:25
productpage-v1,details-v1,2024-03-05 14:18:30
reviews-v3-5fd56449d8-tv4wp,izbp16opgy3xucvexwqp9dz,2024-03-05 14:18:30
productpage-v1,reviews-v3,2024-03-05 14:18:30
reviews-v2,ratings-v1,2024-03-05 14:18:30
productpage-v1-7fb564989f-hm9g2,izbp1gwb52uyj3g0wn52lfz,2024-03-05 14:18:30
reviews-v3,ratings-v1,2024-03-05 14:18:30
details-v1-b788479c5-bbg6t,izbp1gwb52uyj3g0wn52lfz,2024-03-05 14:18:30
ratings-v1-5b6b66f9b5-n4ddg,izbp16opgy3xucvexwqp9dz,2024-03-05 14:18:30
istio-ingressgateway,productpage-v1,2024-03-05 14:18:30
reviews-v1-7b76c4f45d-x9mxc,izbp16opgy3xucvexwqp9dz,2024-03-05 14:18:30
reviews-v2-6ccf99c555-fqvhb,izbp1gwb52uyj3g0wn52lez,2024-03-05 14:18:30
productpage-v1,reviews-v1,2024-03-05 14:18:30
productpage-v1,reviews-v2,2024-03-05 14:18:30
istio-ingressgateway,productpage-v1,2024-03-05 14:18:35
reviews-v3-5fd56449d8-tv4wp,izbp16opgy3xucvexwqp9dz,2024-03-05 14:18:35
reviews-v2,ratings-v1,2024-03-05 14:18:35
productpage-v1,reviews-v3,2024-03-05 14:18:35
reviews-v2-6ccf99c555-fqvhb,izbp1gwb52uyj3g0wn52lez,2024-03-05 14:18:35
productpage-v1,reviews-v1,2024-03-05 14:18:35
reviews-v1-7b76c4f45d-x9mxc,izbp16opgy3xucvexwqp9dz,2024-03-05 14:18:35
productpage-v1-7fb564989f-hm9g2,izbp1gwb52uyj3g0wn52lfz,2024-03-05 14:18:35
productpage-v1,details-v1,2024-03-05 14:18:35
details-v1-b788479c5-bbg6t,izbp1gwb52uyj3g0wn52lfz,2024-03-05 14:18:35
reviews-v3,ratings-v1,2024-03-05 14:18:35
ratings-v1-5b6b66f9b5-n4ddg,izbp16opgy3xucvexwqp9dz,2024-03-05 14:18:35
productpage-v1,reviews-v2,2024-03-05 14:18:35
ratings-v1-5b6b66f9b5-n4ddg,izbp16opgy3xucvexwqp9dz,2024-03-05 14:18:40
istio-ingressgateway,productpage-v1,2024-03-05 14:18:40
reviews-v2-6ccf99c555-fqvhb,izbp1gwb52uyj3g0wn52lez,2024-03-05 14:18:40
reviews-v2,ratings-v1,2024-03-05 14:18:40
reviews-v3-5fd56449d8-tv4wp,izbp16opgy3xucvexwqp9dz,2024-03-05 14:18:40
productpage-v1,reviews-v2,2024-03-05 14:18:40
reviews-v1-7b76c4f45d-x9mxc,izbp16opgy3xucvexwqp9dz,2024-03-05 14:18:40
productpage-v1,reviews-v1,2024-03-05 14:18:40
productpage-v1-7fb564989f-hm9g2,izbp1gwb52uyj3g0wn52lfz,2024-03-05 14:18:40
productpage-v1,details-v1,2024-03-05 14:18:40
details-v1-b788479c5-bbg6t,izbp1gwb52uyj3g0wn52lfz,2024-03-05 14:18:40
productpage-v1,reviews-v3,2024-03-05 14:18:40
reviews-v3,ratings-v1,2024-03-05 14:18:40
reviews-v2,ratings-v1,2024-03-05 14:18:45
reviews-v3-5fd56449d8-tv4wp,izbp16opgy3xucvexwqp9dz,2024-03-05 14:18:45
reviews-v3,ratings-v1,2024-03-05 14:18:45
productpage-v1,reviews-v3,2024-03-05 14:18:45
reviews-v2-6ccf99c555-fqvhb,izbp1gwb52uyj3g0wn52lez,2024-03-05 14:18:45
istio-ingressgateway,productpage-v1,2024-03-05 14:18:45
productpage-v1,reviews-v1,2024-03-05 14:18:45
productpage-v1-7fb564989f-hm9g2,izbp1gwb52uyj3g0wn52lfz,2024-03-05 14:18:45
details-v1-b788479c5-bbg6t,izbp1gwb52uyj3g0wn52lfz,2024-03-05 14:18:45
productpage-v1,reviews-v2,2024-03-05 14:18:45
ratings-v1-5b6b66f9b5-n4ddg,izbp16opgy3xucvexwqp9dz,2024-03-05 14:18:45
productpage-v1,details-v1,2024-03-05 14:18:45
reviews-v1-7b76c4f45d-x9mxc,izbp16opgy3xucvexwqp9dz,2024-03-05 14:18:45
productpage-v1,reviews-v3,2024-03-05 14:18:50
productpage-v1-7fb564989f-hm9g2,izbp1gwb52uyj3g0wn52lfz,2024-03-05 14:18:50
reviews-v3,ratings-v1,2024-03-05 14:18:50
reviews-v2,ratings-v1,2024-03-05 14:18:50
productpage-v1,details-v1,2024-03-05 14:18:50
reviews-v2-6ccf99c555-fqvhb,izbp1gwb52uyj3g0wn52lez,2024-03-05 14:18:50
productpage-v1,reviews-v2,2024-03-05 14:18:50
reviews-v1-7b76c4f45d-x9mxc,izbp16opgy3xucvexwqp9dz,2024-03-05 14:18:50
details-v1-b788479c5-bbg6t,izbp1gwb52uyj3g0wn52lfz,2024-03-05 14:18:50
ratings-v1-5b6b66f9b5-n4ddg,izbp16opgy3xucvexwqp9dz,2024-03-05 14:18:50
productpage-v1,reviews-v1,2024-03-05 14:18:50
reviews-v3-5fd56449d8-tv4wp,izbp16opgy3xucvexwqp9dz,2024-03-05 14:18:50
istio-ingressgateway,productpage-v1,2024-03-05 14:18:50
productpage-v1,reviews-v3,2024-03-05 14:18:55
reviews-v3,ratings-v1,2024-03-05 14:18:55
reviews-v2-6ccf99c555-fqvhb,izbp1gwb52uyj3g0wn52lez,2024-03-05 14:18:55
productpage-v1-7fb564989f-hm9g2,izbp1gwb52uyj3g0wn52lfz,2024-03-05 14:18:55
istio-ingressgateway,productpage-v1,2024-03-05 14:18:55
productpage-v1,reviews-v2,2024-03-05 14:18:55
details-v1-b788479c5-bbg6t,izbp1gwb52uyj3g0wn52lfz,2024-03-05 14:18:55
reviews-v2,ratings-v1,2024-03-05 14:18:55
ratings-v1-5b6b66f9b5-n4ddg,izbp16opgy3xucvexwqp9dz,2024-03-05 14:18:55
reviews-v3-5fd56449d8-tv4wp,izbp16opgy3xucvexwqp9dz,2024-03-05 14:18:55
productpage-v1,details-v1,2024-03-05 14:18:55
productpage-v1,reviews-v1,2024-03-05 14:18:55
reviews-v1-7b76c4f45d-x9mxc,izbp16opgy3xucvexwqp9dz,2024-03-05 14:18:55
productpage-v1,reviews-v2,2024-03-05 14:19:00
ratings-v1-5b6b66f9b5-n4ddg,izbp16opgy3xucvexwqp9dz,2024-03-05 14:19:00
productpage-v1,reviews-v1,2024-03-05 14:19:00
productpage-v1,details-v1,2024-03-05 14:19:00
reviews-v3,ratings-v1,2024-03-05 14:19:00
reviews-v3-5fd56449d8-tv4wp,izbp16opgy3xucvexwqp9dz,2024-03-05 14:19:00
productpage-v1,reviews-v3,2024-03-05 14:19:00
reviews-v2,ratings-v1,2024-03-05 14:19:00
details-v1-b788479c5-bbg6t,izbp1gwb52uyj3g0wn52lfz,2024-03-05 14:19:00
istio-ingressgateway,productpage-v1,2024-03-05 14:19:00
productpage-v1-7fb564989f-hm9g2,izbp1gwb52uyj3g0wn52lfz,2024-03-05 14:19:00
reviews-v1-7b76c4f45d-x9mxc,izbp16opgy3xucvexwqp9dz,2024-03-05 14:19:00
reviews-v2-6ccf99c555-fqvhb,izbp1gwb52uyj3g0wn52lez,2024-03-05 14:19:00
